0,0.00197327,0.0078853,0.0177127,0.0314168,0.0489435,0.0702235,0.0951729,0.123693,0.155672,0.190983,0.229487,0.271031,0.315453,0.362576,0.412215,0.464173,0.518246,0.574221,0.631875,0.690983,0.75131,0.812619,0.874667,0.937209,1,1.06279,1.12533,1.18738,1.24869,1.30902,1.36812,1.42578,1.48175,1.53583,1.58779,1.63742,1.68455,1.72897,1.77051,1.80902,1.84433,1.87631,1.90483,1.92978,1.95106,1.96858,1.98229,1.99211,1.99803,2,1.99803,1.99211,1.98229,1.96858,1.95106,1.92978,1.90483,1.87631,1.84433,1.80902,1.77051,1.72897,1.68455,1.63742,1.58779,1.53583,1.48175,1.42578,1.36812,1.30902,1.24869,1.18738,1.12533,1.06279,1,0.937209,0.874667,0.812619,0.75131,0.690983,0.631875,0.574221,0.518246,0.464173,0.412215,0.362576,0.315453,0.271031,0.229487,0.190983,0.155672,0.123693,0.0951729,0.0702235,0.0489435,0.0314168,0.0177127,0.0078853,0.00197327,2.99952e-32,
0,0.00214981,0.00858977,0.0192915,0.0342077,0.0532727,0.0764024,0.103495,0.13443,0.169073,0.207271,0.248855,0.293643,0.341438,0.392032,0.445203,0.500718,0.558335,0.617804,0.678866,0.741257,0.804706,0.868942,0.933686,0.998663,1.06359,1.1282,1.19222,1.25537,1.31739,1.37803,1.43702,1.49414,1.54914,1.60181,1.65192,1.6993,1.74374,1.78507,1.82314,1.85781,1.88895,1.91644,1.9402,1.96013,1.97619,1.98832,1.99648,2.00068,2.00091,1.99719,1.98955,1.97804,1.96272,1.94368,1.92101,1.8948,1.86517,1.83227,1.79622,1.75717,1.7153,1.67076,1.62373,1.57442,1.52299,1.46967,1.41464,1.35813,1.30035,1.24151,1.18183,1.12154,1.06086,1.00001,0.939217,0.8787,0.818681,0.759375,0.700997,0.643758,0.587862,0.533509,0.480894,0.430204,0.381619,0.335311,0.291446,0.250178,0.211653,0.176007,0.143366,0.113845,0.0875477,0.0645668,0.044983,0.0288652,0.01627,0.00724172,0.00181202,2.99952e-32,
0,0.00198788,0.00794367,0.0178438,0.0316493,0.0493056,0.0707429,0.0958769,0.124608,0.156823,0.192395,0.231183,0.273035,0.317783,0.365252,0.415253,0.467588,0.522049,0.578421,0.636478,0.695991,0.756722,0.818428,0.880865,0.943782,1.00693,1.07005,1.1329,1.19522,1.25676,1.31728,1.37654,1.43429,1.49032,1.54439,1.59628,1.6458,1.69274,1.73693,1.77817,1.81632,1.85122,1.88273,1.91074,1.93512,1.95579,1.97267,1.9857,1.99481,1.99999,2.00121,1.99848,1.9918,1.98121,1.96675,1.94848,1.92648,1.90084,1.87165,1.83905,1.80315,1.76411,1.72207,1.67721,1.62971,1.57974,1.52752,1.47324,1.41711,1.35937,1.30023,1.23993,1.1787,1.11679,1.05443,0.991864,0.929344,0.867109,0.805403,0.744467,0.684537,0.625848,0.568627,0.513098,0.459477,0.407972,0.358784,0.312105,0.268115,0.226986,0.188878,0.153938,0.122302,0.0940935,0.0694211,0.0483807,0.0310537,0.0175072,0.0077935,0.00195026,2.99952e-32,
0,0.00181811,0.0072663,0.0163262,0.0289671,0.0451463,0.0648088,0.0878875,0.114304,0.143967,0.176775,0.212614,0.251361,0.292881,0.337029,0.38365,0.43258,0.483646,0.536667,0.591453,0.647808,0.70553,0.764408,0.824228,0.884772,0.945816,1.00714,1.0685,1.12968,1.19045,1.25058,1.30983,1.36798,1.42481,1.48009,1.53362,1.58516,1.63454,1.68153,1.72597,1.76766,1.80643,1.84212,1.87458,1.90368,1.92928,1.95127,1.96956,1.98405,1.99468,2.00139,2.00414,2.0029,1.99767,1.98845,1.97526,1.95816,1.93718,1.91242,1.88395,1.85188,1.81633,1.77743,1.73535,1.69023,1.64226,1.59163,1.53855,1.48321,1.42585,1.3667,1.30601,1.24401,1.18097,1.11714,1.0528,0.988196,0.923614,0.859319,0.795581,0.732668,0.670846,0.610377,0.551517,0.494518,0.439622,0.387065,0.337071,0.289856,0.245623,0.204563,0.166854,0.132659,0.102126,0.0753896,0.0525653,0.0337529,0.0190348,0.00847542,0.00212119,2.99952e-32,
0,0.00191889,0.00766793,0.0172243,0.03055,0.0475923,0.068284,0.0925435,0.120275,0.151371,0.185708,0.223154,0.263561,0.306775,0.352626,0.400938,0.451525,0.504193,0.558739,0.614954,0.672625,0.73153,0.791445,0.852143,0.913394,0.974963,1.03662,1.09813,1.15926,1.21977,1.27945,1.33805,1.39537,1.45117,1.50526,1.55741,1.60744,1.65515,1.70036,1.74288,1.78256,1.81924,1.85277,1.88301,1.90986,1.93319,1.95291,1.96894,1.98121,1.98965,1.99423,1.99492,1.99171,1.9846,1.97361,1.95876,1.94012,1.91774,1.89169,1.86208,1.82901,1.79261,1.753,1.71034,1.66479,1.61653,1.56575,1.51263,1.4574,1.40027,1.34147,1.28123,1.21979,1.15741,1.09433,1.03081,0.967123,0.903516,0.840255,0.777601,0.715814,0.655149,0.595861,0.538195,0.482394,0.428689,0.377308,0.328464,0.282364,0.239202,0.199158,0.162401,0.129087,0.0993538,0.073328,0.0511187,0.0328191,0.0185059,0.00823919,0.00206195,2.99952e-32,
0,0.0021439,0.00856626,0.0192391,0.0341157,0.0531312,0.0762022,0.103228,0.13409,0.168653,0.206766,0.248263,0.292961,0.340666,0.39117,0.444253,0.499684,0.557223,0.61662,0.677619,0.739957,0.803366,0.867574,0.932307,0.997289,1.06224,1.1269,1.19098,1.25422,1.31635,1.37711,1.43626,1.49356,1.54876,1.60164,1.652,1.69962,1.74433,1.78595,1.82431,1.85927,1.8907,1.91849,1.94253,1.96274,1.97905,1.99141,1.99979,2.00417,2.00455,2.00095,1.99338,1.98191,1.9666,1.94751,1.92474,1.8984,1.8686,1.83548,1.79918,1.75985,1.71766,1.67278,1.62539,1.5757,1.52388,1.47016,1.41475,1.35785,1.29969,1.24049,1.18047,1.11987,1.05891,0.997818,0.936817,0.876131,0.815984,0.756591,0.698168,0.640923,0.585061,0.530778,0.478266,0.427709,0.379283,0.333156,0.289488,0.248429,0.21012,0.174691,0.142264,0.112948,0.0868432,0.0640378,0.044609,0.0286224,0.016132,0.00717989,0.0017965,2.99952e-32,
0,0.00203418,0.00812817,0.0182564,0.0323763,0.0504289,0.0723388,0.0980147,0.12735,0.160223,0.196498,0.236024,0.27864,0.324169,0.372424,0.423208,0.476314,0.531524,0.588613,0.647349,0.707494,0.768804,0.831031,0.893923,0.957226,1.02069,1.08405,1.14706,1.20947,1.27102,1.33147,1.39058,1.44811,1.50383,1.55753,1.60899,1.65801,1.70439,1.74795,1.78852,1.82593,1.86006,1.89075,1.91789,1.94138,1.96112,1.97705,1.9891,1.99722,2.00139,2.00159,1.99783,1.99013,1.97852,1.96304,1.94378,1.92079,1.89419,1.86408,1.83059,1.79384,1.75399,1.7112,1.66564,1.6175,1.56697,1.51424,1.45953,1.40306,1.34505,1.28573,1.22533,1.16409,1.10224,1.04004,0.977717,0.915517,0.853682,0.792448,0.732051,0.672724,0.614692,0.558177,0.503392,0.450547,0.399839,0.35146,0.305591,0.262403,0.222058,0.184706,0.150484,0.119519,0.0919252,0.0678038,0.0472429,0.0303178,0.0170897,0.00760686,0.00190343,2.99952e-32,
0,0.00186906,0.00746967,0.0167821,0.0297736,0.0463981,0.0665964,0.0902966,0.117414,0.147851,0.181497,0.218231,0.25792,0.300418,0.345571,0.393211,0.443164,0.495243,0.549257,0.605004,0.662274,0.720854,0.780523,0.841056,0.902223,0.963793,1.02553,1.0872,1.14857,1.2094,1.26945,1.3285,1.38632,1.44268,1.49736,1.55015,1.60085,1.64925,1.69516,1.7384,1.77881,1.81621,1.85046,1.88142,1.90896,1.93297,1.95335,1.97001,1.98288,1.99191,1.99704,1.99826,1.99555,1.98891,1.97837,1.96394,1.94569,1.92368,1.89798,1.86869,1.83591,1.79978,1.76042,1.71799,1.67265,1.62458,1.57395,1.52097,1.46584,1.40879,1.35004,1.28981,1.22836,1.16593,1.10277,1.03914,0.975294,0.911494,0.848001,0.785079,0.722987,0.661984,0.602324,0.544257,0.488028,0.433874,0.382026,0.332705,0.286121,0.242476,0.201957,0.16474,0.130988,0.100847,0.0744501,0.0519133,0.033336,0.0188004,0.00837135,0.00209518,2.99952e-32,
0,0.00183122,0.00731826,0.0164414,0.0291679,0.0454522,0.0652363,0.0884496,0.11501,0.144822,0.177781,0.213769,0.252659,0.294312,0.338581,0.385307,0.434326,0.48546,0.538527,0.593338,0.649694,0.707392,0.766223,0.825974,0.886426,0.947358,1.00854,1.06976,1.13078,1.19137,1.2513,1.31036,1.36831,1.42493,1.48,1.53332,1.58466,1.63384,1.68064,1.72489,1.76641,1.80503,1.84058,1.87292,1.90191,1.92742,1.94935,1.96759,1.98205,1.99268,1.9994,2.00219,2.00101,1.99585,1.98673,1.97366,1.95668,1.93585,1.91124,1.88293,1.85102,1.81563,1.7769,1.73497,1.69001,1.64218,1.59168,1.5387,1.48346,1.42618,1.3671,1.30644,1.24447,1.18144,1.11761,1.05324,0.988605,0.923978,0.859631,0.795836,0.732863,0.67098,0.610452,0.551537,0.494488,0.439548,0.386956,0.336935,0.289703,0.245461,0.204401,0.1667,0.132519,0.102006,0.0752919,0.0524914,0.0337022,0.0190046,0.00846148,0.00211761,2.99952e-32,
0,0.00212987,0.00851041,0.0191143,0.033896,0.0527921,0.0757209,0.102584,0.133264,0.167629,0.205529,0.246801,0.291264,0.338727,0.388982,0.441812,0.496987,0.55427,0.613411,0.674157,0.736244,0.799406,0.863373,0.927871,0.992625,1.05736,1.1218,1.18568,1.24873,1.31069,1.37129,1.4303,1.48746,1.54254,1.59533,1.64561,1.69319,1.73787,1.77948,1.81787,1.85289,1.8844,1.91231,1.9365,1.9569,1.97344,1.98607,1.99476,1.99948,2.00025,1.99707,1.98997,1.979,1.96422,1.94571,1.92354,1.89782,1.86867,1.83621,1.80058,1.76193,1.72042,1.67621,1.62949,1.58043,1.52923,1.47609,1.42121,1.3648,1.30709,1.24827,1.18859,1.12825,1.06749,1.00652,0.945577,0.884878,0.824648,0.765104,0.706464,0.648941,0.592742,0.53807,0.485123,0.434091,0.385158,0.3385,0.294284,0.252669,0.213806,0.177834,0.144882,0.11507,0.0885043,0.0652822,0.0454875,0.0291923,0.016456,0.007325,0.00183294,2.99952e-32,
0,0.00206839,0.00826451,0.0185613,0.0329141,0.0512607,0.073522,0.0996021,0.129389,0.162756,0.199561,0.239647,0.282845,0.328973,0.377836,0.42923,0.48294,0.538743,0.596406,0.655691,0.716354,0.778145,0.84081,0.904093,0.967738,1.03148,1.09507,1.15825,1.22076,1.28235,1.34277,1.40179,1.45916,1.51467,1.56808,1.61919,1.6678,1.71371,1.75675,1.79675,1.83355,1.86701,1.897,1.92341,1.94613,1.96508,1.98019,1.9914,1.99868,2.002,2.00135,1.99674,1.98819,1.97575,1.95946,1.9394,1.91566,1.88832,1.85751,1.82335,1.78599,1.74557,1.70225,1.65622,1.60766,1.55676,1.50372,1.44877,1.39211,1.33398,1.27459,1.21419,1.15301,1.09129,1.02926,0.967177,0.905269,0.843777,0.782934,0.722972,0.664119,0.606596,0.550618,0.496395,0.444127,0.394008,0.346221,0.300942,0.258336,0.218555,0.181745,0.148036,0.117549,0.0903923,0.0666615,0.04644,0.0297987,0.0167955,0.00747534,0.00187043,2.99952e-32,
0,0.00191795,0.00766493,0.0172202,0.0305492,0.0476035,0.0683208,0.0926251,0.120427,0.151623,0.186098,0.223722,0.264356,0.307846,0.354028,0.402727,0.453758,0.506927,0.56203,0.618856,0.677186,0.736796,0.797455,0.858928,0.920977,0.983359,1.04583,1.10815,1.17008,1.23136,1.29176,1.35105,1.40898,1.46534,1.51989,1.57242,1.62273,1.67061,1.71587,1.75833,1.79783,1.8342,1.86729,1.89698,1.92315,1.94568,1.96449,1.97949,1.99064,1.99787,2.00116,2.00049,1.99586,1.9873,1.97482,1.95847,1.93833,1.91446,1.88696,1.85593,1.8215,1.7838,1.74298,1.6992,1.65264,1.60347,1.55189,1.49811,1.44233,1.38478,1.32569,1.2653,1.20383,1.14154,1.07868,1.01549,0.952234,0.889154,0.826506,0.764541,0.703506,0.643647,0.585204,0.528412,0.4735,0.42069,0.370195,0.322219,0.276959,0.234598,0.195309,0.159254,0.126581,0.0974236,0.0719033,0.050126,0.0321823,0.0181472,0.00807968,0.00202206,2.99952e-32,
0,0.00180062,0.00719585,0.016166,0.0286782,0.0446872,0.0641352,0.086952,0.113056,0.142353,0.17474,0.210101,0.248311,0.289235,0.332727,0.378635,0.426797,0.477043,0.529196,0.583072,0.638482,0.69523,0.753115,0.811933,0.871473,0.931525,0.991873,1.0523,1.11259,1.17252,1.23188,1.29045,1.34801,1.40434,1.45924,1.5125,1.56391,1.61329,1.66042,1.70514,1.74726,1.78662,1.82304,1.85638,1.8865,1.91327,1.93656,1.95627,1.97231,1.98459,1.99305,1.99763,1.99829,1.99501,1.98779,1.97662,1.96154,1.94257,1.91979,1.89325,1.86304,1.82927,1.79206,1.75154,1.70787,1.6612,1.61172,1.55961,1.50509,1.44837,1.38969,1.32927,1.26738,1.20427,1.1402,1.07545,1.01029,0.94501,0.879882,0.815194,0.75123,0.68827,0.626593,0.566473,0.508178,0.451969,0.398097,0.346804,0.298321,0.252867,0.210647,0.171852,0.136656,0.105218,0.0776803,0.0541669,0.0347833,0.0196166,0.00873466,0.00218609,2.99952e-32,
0,0.00207909,0.008308,0.0186616,0.033098,0.0515584,0.0739675,0.100233,0.130248,0.163887,0.201012,0.241468,0.285088,0.331688,0.381075,0.433042,0.487372,0.543836,0.602197,0.66221,0.723624,0.78618,0.849615,0.913664,0.978057,1.04252,1.1068,1.17061,1.23369,1.29578,1.35662,1.41596,1.47356,1.52917,1.58258,1.63357,1.68193,1.72747,1.77001,1.80938,1.84543,1.87803,1.90704,1.93237,1.95392,1.97162,1.98541,1.99525,2.00111,2.00299,2.00088,1.99483,1.98485,1.97102,1.95339,1.93205,1.9071,1.87865,1.84683,1.81176,1.7736,1.73251,1.68864,1.64219,1.59333,1.54226,1.48918,1.4343,1.37783,1.31998,1.26099,1.20106,1.14043,1.07932,1.01796,0.956591,0.895426,0.834696,0.774625,0.715433,0.657338,0.600552,0.545284,0.491734,0.4401,0.390568,0.343321,0.298531,0.256361,0.216965,0.18049,0.147067,0.11682,0.0898616,0.0662905,0.0461944,0.0296483,0.016714,0.00744022,0.00186183,2.99952e-32,
0,0.00208099,0.0083147,0.0186736,0.0331119,0.0515665,0.0739567,0.100185,0.130138,0.163687,0.200688,0.240982,0.284398,0.330752,0.379847,0.431478,0.485426,0.541468,0.599368,0.658887,0.719777,0.781789,0.844665,0.908149,0.97198,1.0359,1.09964,1.16296,1.22558,1.28727,1.34777,1.40683,1.46423,1.51973,1.57312,1.62418,1.6727,1.71851,1.76141,1.80124,1.83785,1.87109,1.90083,1.92697,1.9494,1.96803,1.9828,1.99365,2.00055,2.00348,2.00242,1.9974,1.98843,1.97555,1.95883,1.93834,1.91416,1.8864,1.85517,1.82061,1.78285,1.74205,1.69839,1.65203,1.60317,1.552,1.49873,1.44357,1.38674,1.32848,1.26899,1.20853,1.14733,1.08562,1.02365,0.961653,0.899867,0.838528,0.777869,0.718119,0.659502,0.602237,0.546535,0.492603,0.440639,0.390831,0.34336,0.298397,0.256103,0.216628,0.180113,0.146684,0.116459,0.0895422,0.0660269,0.0459933,0.0295096,0.0166314,0.00740194,0.00185201,2.99952e-32,
0,0.00200187,0.00799968,0.01797,0.0318737,0.049656,0.0712465,0.0965593,0.125494,0.157933,0.193749,0.232795,0.274916,0.31994,0.367687,0.417962,0.470561,0.525272,0.581872,0.640133,0.699816,0.760682,0.822483,0.884969,0.947887,1.01099,1.07401,1.1367,1.19882,1.26011,1.32032,1.37923,1.43659,1.49218,1.54578,1.59718,1.64619,1.6926,1.73624,1.77694,1.81455,1.84892,1.87992,1.90744,1.93136,1.95161,1.96811,1.98079,1.98961,1.99455,1.99558,1.99272,1.98596,1.97535,1.96092,1.94274,1.92088,1.89542,1.86648,1.83415,1.79857,1.75988,1.71823,1.67378,1.62671,1.57719,1.52542,1.47159,1.41593,1.35863,1.29993,1.24005,1.17923,1.11768,1.05567,0.993415,0.931167,0.869167,0.807653,0.746866,0.687043,0.628416,0.571214,0.515663,0.46198,0.410377,0.361058,0.314219,0.270045,0.228714,0.19039,0.155229,0.123371,0.0949472,0.0700718,0.048847,0.0313601,0.0176831,0.00787292,0.0019703,2.99952e-32,
0,0.00175865,0.00702843,0.0157909,0.0280155,0.04366,0.0626705,0.0849818,0.110518,0.139192,0.170906,0.205553,0.243018,0.283172,0.325881,0.371001,0.418381,0.467861,0.519273,0.572444,0.627193,0.683334,0.740676,0.79902,0.858166,0.917907,0.978036,1.03834,1.0986,1.15861,1.21815,1.277,1.33494,1.39177,1.44725,1.50119,1.55338,1.60361,1.65168,1.69741,1.74059,1.78106,1.81865,1.85319,1.88453,1.91252,1.93705,1.95798,1.97522,1.98867,1.99826,2.00392,2.00561,2.00328,1.99694,1.98657,1.9722,1.95386,1.9316,1.90549,1.87562,1.8421,1.80503,1.76457,1.72086,1.67407,1.62439,1.57201,1.51715,1.46003,1.40089,1.33998,1.27755,1.21387,1.14921,1.08385,1.01807,0.952172,0.886431,0.821141,0.756591,0.693066,0.63085,0.57022,0.511446,0.454791,0.400509,0.348841,0.30002,0.254263,0.211774,0.172744,0.137345,0.105734,0.0780517,0.0544199,0.0349426,0.019705,0.00877357,0.00219575,2.99952e-32,
0,0.00203588,0.00813564,0.0182755,0.0324156,0.0505004,0.0724581,0.0982013,0.127627,0.160617,0.197038,0.236744,0.279572,0.325348,0.373886,0.424986,0.47844,0.534026,0.591517,0.650675,0.711256,0.77301,0.835682,0.899012,0.962739,1.0266,1.09033,1.15367,1.21636,1.27814,1.33875,1.39796,1.45551,1.51118,1.56475,1.61599,1.66471,1.7107,1.7538,1.79383,1.83064,1.86409,1.89405,1.92041,1.94307,1.96196,1.97702,1.98818,1.99543,1.99873,1.9981,1.99353,1.98508,1.97276,1.95666,1.93683,1.91336,1.88637,1.85595,1.82223,1.78536,1.74547,1.70274,1.65733,1.60941,1.55918,1.50682,1.45255,1.39657,1.33909,1.28033,1.22052,1.15988,1.09865,1.03705,0.975311,0.913676,0.852373,0.791633,0.731685,0.672757,0.61507,0.558844,0.504292,0.451621,0.401032,0.35272,0.306867,0.263653,0.223242,0.185791,0.151447,0.120343,0.0926012,0.0683307,0.0476276,0.0305743,0.0172388,0.00767467,0.00192063,2.99952e-32,
0,0.00208066,0.00831335,0.0186704,0.0331061,0.0515569,0.0739423,0.100165,0.130111,0.163651,0.200642,0.240925,0.28433,0.330671,0.379753,0.431369,0.485303,0.541329,0.599213,0.658715,0.719588,0.781581,0.844437,0.907899,0.971707,1.0356,1.09932,1.1626,1.22519,1.28684,1.34729,1.40632,1.46367,1.51912,1.57245,1.62345,1.67191,1.71766,1.7605,1.80027,1.83681,1.86999,1.89968,1.92577,1.94815,1.96674,1.98148,1.99231,1.99921,2.00213,2.00109,1.9961,1.98717,1.97435,1.9577,1.93729,1.91322,1.88557,1.85447,1.82005,1.78244,1.7418,1.6983,1.65211,1.60342,1.55242,1.49932,1.44432,1.38765,1.32953,1.27019,1.20985,1.14876,1.08714,1.02525,0.963311,0.901565,0.840248,0.779592,0.719826,0.661175,0.603859,0.548092,0.49408,0.442023,0.392112,0.34453,0.299451,0.257037,0.217441,0.180805,0.147261,0.116926,0.0899073,0.0662999,0.0461857,0.0296341,0.016702,0.00743352,0.00185993,2.99952e-32,
0,0.00205609,0.00821633,0.0184565,0.0327362,0.0509985,0.0731706,0.0991633,0.128872,0.162175,0.198939,0.239011,0.282229,0.328413,0.377374,0.428908,0.482803,0.538834,0.596767,0.656362,0.717369,0.779535,0.8426,0.906301,0.970372,1.03455,1.09856,1.16214,1.22503,1.28697,1.3477,1.40698,1.46456,1.5202,1.57369,1.62481,1.67335,1.71912,1.76194,1.80164,1.83808,1.87111,1.9006,1.92645,1.94857,1.96688,1.98131,1.99182,1.99839,2.00099,1.99963,1.99433,1.98512,1.97205,1.95519,1.9346,1.91039,1.88266,1.85153,1.81713,1.7796,1.73909,1.69577,1.64982,1.60141,1.55074,1.498,1.4434,1.38715,1.32947,1.27058,1.2107,1.15005,1.08887,1.02739,0.965839,0.904441,0.84343,0.783033,0.723473,0.664972,0.607749,0.552014,0.497976,0.445836,0.395787,0.348017,0.302704,0.260018,0.22012,0.18316,0.149277,0.118601,0.0912489,0.0673253,0.0469224,0.0301193,0.0169812,0.00755969,0.0018918,2.99952e-32,
0,0.00177134,0.00707881,0.0159029,0.0282114,0.0439598,0.0630911,0.085537,0.111217,0.140041,0.171907,0.206703,0.244308,0.28459,0.327411,0.372621,0.420065,0.46958,0.520995,0.574134,0.628814,0.684848,0.742042,0.800199,0.859119,0.918597,0.978426,1.0384,1.0983,1.15792,1.21705,1.27547,1.33298,1.38936,1.4444,1.4979,1.54966,1.59948,1.64716,1.69253,1.73539,1.77557,1.81292,1.84726,1.87845,1.90636,1.93085,1.95181,1.96913,1.98272,1.99251,1.99843,2.00042,1.99846,1.99253,1.98261,1.96874,1.95092,1.92922,1.90368,1.8744,1.84148,1.80501,1.76514,1.722,1.67577,1.62662,1.57475,1.52035,1.46365,1.40489,1.3443,1.28214,1.21867,1.15417,1.08892,1.0232,0.957293,0.891498,0.826104,0.761404,0.697689,0.635244,0.574353,0.515291,0.458327,0.403719,0.351717,0.302556,0.256462,0.213644,0.174297,0.138599,0.106713,0.0787832,0.054935,0.0352759,0.0198941,0.00885812,0.00221697,2.99952e-32,
0,0.00197878,0.00790781,0.017765,0.0315135,0.0491014,0.0704622,0.0955142,0.124161,0.156294,0.191786,0.230501,0.272288,0.316981,0.364407,0.414378,0.466695,0.521153,0.577534,0.635613,0.69516,0.755936,0.817698,0.880198,0.943187,1.00641,1.06962,1.13255,1.19496,1.2566,1.31721,1.37656,1.4344,1.49051,1.54465,1.59662,1.64621,1.69321,1.73745,1.77874,1.81692,1.85184,1.88337,1.91137,1.93575,1.95641,1.97326,1.98625,1.99532,2.00045,2.00161,1.99881,1.99207,1.98141,1.96688,1.94854,1.92647,1.90076,1.87151,1.83885,1.80291,1.76382,1.72175,1.67687,1.62935,1.57938,1.52716,1.4729,1.4168,1.3591,1.30001,1.23976,1.17859,1.11675,1.05446,0.991971,0.929528,0.867371,0.80574,0.744874,0.685009,0.626376,0.569202,0.513709,0.460111,0.408617,0.359426,0.31273,0.268711,0.227542,0.189382,0.154383,0.122683,0.0944058,0.0696651,0.0485594,0.0311733,0.0175769,0.00782535,0.00195835,2.99952e-32,
0,0.00206119,0.00823554,0.0184956,0.0327959,0.0510735,0.0732486,0.0992246,0.128889,0.162115,0.198759,0.238667,0.281668,0.327581,0.376215,0.427365,0.48082,0.536358,0.593749,0.65276,0.713148,0.774667,0.837068,0.900099,0.963505,1.02703,1.09043,1.15343,1.2158,1.27728,1.33764,1.39662,1.45401,1.50956,1.56307,1.61432,1.66311,1.70925,1.75256,1.79287,1.83001,1.86385,1.89425,1.9211,1.94428,1.9637,1.9793,1.99101,1.99879,2.00261,2.00245,1.99832,1.99023,1.97823,1.96236,1.94268,1.91929,1.89227,1.86174,1.82782,1.79065,1.75038,1.70718,1.66122,1.61268,1.56177,1.50869,1.45366,1.39689,1.3386,1.27905,1.21845,1.15706,1.0951,1.03284,0.970501,0.908338,0.846588,0.78549,0.725277,0.66618,0.608422,0.552221,0.497787,0.445323,0.395023,0.347072,0.301645,0.258907,0.219012,0.182103,0.14831,0.117753,0.0905397,0.0667635,0.046507,0.0298393,0.0168173,0.00748467,0.00187271,2.99952e-32,
0,0.0021348,0.00853029,0.0191597,0.0339782,0.0529231,0.0759137,0.102852,0.133621,0.16809,0.206108,0.247511,0.292119,0.339737,0.390158,0.443162,0.498517,0.555981,0.615303,0.676225,0.738481,0.801802,0.865912,0.930535,0.995392,1.06021,1.1247,1.1886,1.25163,1.31354,1.37406,1.43294,1.48995,1.54484,1.59741,1.64743,1.69472,1.73908,1.78036,1.81839,1.85304,1.88417,1.91169,1.93549,1.9555,1.97166,1.98393,1.99227,1.99667,1.99714,1.99369,1.98636,1.97519,1.96025,1.94162,1.91937,1.89362,1.86448,1.83207,1.79654,1.75802,1.71668,1.67268,1.62619,1.5774,1.52649,1.47366,1.41911,1.36305,1.30568,1.24721,1.18787,1.12787,1.06743,1.00677,0.946111,0.885671,0.825671,0.766326,0.707852,0.650459,0.594354,0.539742,0.486819,0.435777,0.386803,0.340075,0.295764,0.254032,0.215035,0.178916,0.14581,0.115841,0.0891217,0.0657538,0.045826,0.029415,0.0165839,0.00738277,0.00184752,2.99952e-32,
0,0.00177009,0.00707408,0.0158933,0.028197,0.0439423,0.0630749,0.0855289,0.111228,0.140083,0.171998,0.206862,0.24456,0.284961,0.327931,0.373323,0.420984,0.470751,0.522455,0.57592,0.630963,0.687393,0.745017,0.803633,0.863038,0.923021,0.983371,1.04387,1.10431,1.16446,1.2241,1.28302,1.341,1.39781,1.45325,1.50709,1.55914,1.60918,1.65702,1.70246,1.74532,1.78543,1.82261,1.85671,1.88757,1.91507,1.93906,1.95945,1.97613,1.98901,1.99802,2.00311,2.00423,2.00136,1.99448,1.98361,1.96876,1.94998,1.92731,1.90084,1.87064,1.83683,1.79953,1.75888,1.71503,1.66814,1.6184,1.56601,1.51118,1.45413,1.39509,1.33431,1.27204,1.20855,1.14411,1.07898,1.01346,0.947819,0.882351,0.81734,0.753073,0.689833,0.627899,0.567548,0.509046,0.452655,0.398626,0.347201,0.298609,0.253067,0.210778,0.171931,0.136698,0.105236,0.0776839,0.0541633,0.0347777,0.0196119,0.00873206,0.00218536,2.99952e-32,
0,0.001928,0.00770527,0.0173116,0.030713,0.0478618,0.0686965,0.0931417,0.121109,0.152495,0.187184,0.225049,0.265946,0.309723,0.356214,0.405242,0.456621,0.510152,0.565629,0.622837,0.681554,0.74155,0.80259,0.864433,0.926836,0.989552,1.05233,1.11493,1.17709,1.23856,1.29911,1.35849,1.41646,1.47279,1.52725,1.57963,1.62972,1.67732,1.72223,1.76428,1.8033,1.83914,1.87165,1.90071,1.9262,1.94803,1.9661,1.98035,1.99073,1.99719,1.99972,1.9983,1.99294,1.98367,1.97053,1.95357,1.93286,1.90848,1.88053,1.84912,1.81437,1.77642,1.73543,1.69154,1.64493,1.59579,1.5443,1.49067,1.4351,1.3778,1.31901,1.25894,1.19784,1.13595,1.07349,1.01072,0.947879,0.885219,0.822984,0.76142,0.700769,0.641274,0.58317,0.526692,0.472065,0.41951,0.369241,0.321463,0.276371,0.234152,0.194979,0.159017,0.126417,0.0973144,0.0718344,0.0500851,0.0321599,0.0181364,0.00807545,0.0020211,2.99952e-32,
0,0.00203145,0.00811677,0.0182291,0.032324,0.05034,0.0721991,0.0978069,0.127054,0.159815,0.195953,0.235314,0.277734,0.323037,0.371034,0.421528,0.474311,0.529169,0.585878,0.644209,0.703926,0.764791,0.82656,0.888987,0.951824,1.01482,1.07773,1.14031,1.20231,1.26348,1.32359,1.38241,1.4397,1.49524,1.54882,1.60022,1.64925,1.69572,1.73944,1.78024,1.81797,1.85248,1.88363,1.9113,1.93537,1.95577,1.9724,1.98519,1.9941,1.99909,2.00014,1.99723,1.99039,1.97964,1.96501,1.94657,1.92438,1.89854,1.86914,1.83631,1.80016,1.76086,1.71854,1.67339,1.62559,1.57531,1.52277,1.46818,1.41176,1.35372,1.29431,1.23376,1.17231,1.11021,1.0477,0.98503,0.922452,0.860211,0.79855,0.737712,0.677935,0.619449,0.562483,0.507256,0.453979,0.402857,0.354084,0.307844,0.264311,0.223648,0.186007,0.151526,0.120333,0.0925406,0.0682502,0.0475492,0.0305115,0.0171976,0.00765442,0.00191525,2.99952e-32,
0,0.00217742,0.00870038,0.0195408,0.0346519,0.0539678,0.0774044,0.104859,0.13621,0.17132,0.210034,0.252179,0.297568,0.346001,0.39726,0.451119,0.507338,0.565667,0.625847,0.687612,0.750689,0.8148,0.879664,0.944995,1.01051,1.07593,1.14096,1.20533,1.26876,1.33099,1.39175,1.45079,1.50786,1.56273,1.61518,1.665,1.71199,1.75596,1.79675,1.83421,1.86818,1.89856,1.92523,1.94811,1.96712,1.9822,1.99331,2.00043,2.00356,2.00269,1.99787,1.98912,1.9765,1.96008,1.93995,1.9162,1.88896,1.85833,1.82446,1.7875,1.7476,1.70493,1.65966,1.61199,1.56209,1.51017,1.45643,1.40108,1.34434,1.28641,1.22751,1.16787,1.1077,1.04722,0.986662,0.926232,0.866151,0.806633,0.747887,0.69012,0.633535,0.578329,0.524692,0.472811,0.422863,0.375021,0.329448,0.286301,0.245725,0.207861,0.172838,0.140775,0.111782,0.0859586,0.063394,0.0441659,0.0283412,0.0159749,0.00711049,0.00177921,2.99952e-32,
0,0.00183221,0.00732162,0.0164468,0.0291723,0.0454492,0.0652151,0.088395,0.114901,0.144635,0.177484,0.213328,0.252035,0.293462,0.337458,0.383864,0.432512,0.483226,0.535824,0.590117,0.645911,0.703006,0.761199,0.820281,0.880041,0.940266,1.00074,1.06124,1.12156,1.18147,1.24076,1.29921,1.3566,1.41273,1.46738,1.52035,1.57144,1.62045,1.66719,1.71148,1.75315,1.79202,1.82794,1.86076,1.89034,1.91655,1.93928,1.95841,1.97386,1.98554,1.9934,1.99738,1.99743,1.99355,1.98573,1.97397,1.9583,1.93875,1.9154,1.88832,1.85758,1.82331,1.78562,1.74465,1.70055,1.65349,1.60366,1.55125,1.49646,1.43953,1.38067,1.32014,1.25818,1.19505,1.13102,1.06636,1.00135,0.936263,0.871384,0.806994,0.743373,0.680799,0.619546,0.559884,0.502074,0.446372,0.393024,0.342264,0.294316,0.249392,0.207688,0.169389,0.134661,0.103657,0.0765113,0.0533415,0.0342478,0.0193121,0.00859827,0.00215183,2.99952e-32,
0,0.00188106,0.00751804,0.0168922,0.0299722,0.0467139,0.0670602,0.0909412,0.118274,0.148964,0.182903,0.219971,0.260035,0.302951,0.348563,0.396707,0.447203,0.499867,0.554501,0.6109,0.668853,0.728139,0.788532,0.849801,0.911708,0.974014,1.03648,1.09885,1.16089,1.22236,1.283,1.34258,1.40086,1.4576,1.51259,1.5656,1.61641,1.66483,1.71064,1.75368,1.79376,1.83073,1.86442,1.89471,1.92147,1.94459,1.96398,1.97956,1.99125,1.99902,2.00284,2.00267,1.99853,1.99043,1.9784,1.96248,1.94274,1.91926,1.89213,1.86145,1.82734,1.78995,1.74942,1.7059,1.65958,1.61062,1.55923,1.50561,1.44997,1.39253,1.33351,1.27315,1.21169,1.14937,1.08644,1.02315,0.959739,0.896474,0.833604,0.771379,0.710051,0.649865,0.591065,0.53389,0.478573,0.425339,0.374408,0.32599,0.280286,0.237485,0.197768,0.1613,0.128238,0.0987206,0.0728749,0.0508121,0.0326275,0.0184004,0.00819313,0.00205057,2.99952e-32,
0,0.00197304,0.00788392,0.0177081,0.0314049,0.048918,0.070176,0.0950924,0.123566,0.155483,0.190715,0.229122,0.27055,0.314835,0.361802,0.411266,0.463033,0.516899,0.572653,0.630077,0.688947,0.749033,0.8101,0.871912,0.934226,0.9968,1.05939,1.12175,1.18365,1.24483,1.30506,1.36411,1.42173,1.47772,1.53185,1.5839,1.63367,1.68097,1.72561,1.7674,1.8062,1.84183,1.87417,1.90307,1.92843,1.95013,1.96809,1.98225,1.99252,1.99888,2.0013,1.99975,1.99425,1.9848,1.97146,1.95426,1.93327,1.90857,1.88026,1.84845,1.81327,1.77485,1.73334,1.68891,1.64174,1.59201,1.53993,1.4857,1.42953,1.37166,1.31231,1.25173,1.19015,1.12782,1.06499,1.00191,0.938838,0.876021,0.813709,0.752153,0.691596,0.632281,0.574441,0.518306,0.464099,0.412032,0.362311,0.315132,0.270677,0.229121,0.190625,0.155337,0.123395,0.0949198,0.0700207,0.048792,0.0313139,0.0176521,0.0078574,0.00196615,2.99952e-32,
0,0.00221601,0.0088543,0.0198856,0.0352608,0.0549114,0.0787493,0.106667,0.138539,0.174221,0.21355,0.256349,0.302422,0.351559,0.403537,0.458119,0.515056,0.57409,0.634953,0.69737,0.761058,0.825731,0.8911,0.956872,1.02276,1.08846,1.1537,1.21819,1.28164,1.3438,1.40439,1.46316,1.51986,1.57427,1.62616,1.67532,1.72157,1.76472,1.80461,1.8411,1.87405,1.90335,1.9289,1.95063,1.96847,1.98238,1.99232,1.99828,2.00026,1.9983,1.99241,1.98265,1.96909,1.9518,1.93088,1.90643,1.87856,1.8474,1.8131,1.77579,1.73565,1.69282,1.6475,1.59985,1.55007,1.49834,1.44487,1.38985,1.3335,1.27601,1.2176,1.15848,1.09887,1.03896,0.978988,0.919149,0.859656,0.800717,0.742537,0.685317,0.629255,0.574545,0.521374,0.469926,0.420378,0.372901,0.327658,0.284807,0.244495,0.206862,0.172039,0.140149,0.111303,0.0856033,0.0631401,0.043994,0.0282335,0.0159154,0.00708437,0.00177273,2.99952e-32,
0,0.00187127,0.00747772,0.0167974,0.0297941,0.0464175,0.0666038,0.090276,0.117344,0.147706,0.181247,0.217842,0.257355,0.299638,0.344536,0.391882,0.441502,0.493214,0.546829,0.602149,0.658972,0.717089,0.776289,0.836353,0.89706,0.958188,1.01951,1.0808,1.14183,1.20237,1.2622,1.32109,1.37882,1.43517,1.48991,1.54285,1.59378,1.64249,1.6888,1.73252,1.77347,1.81148,1.84641,1.8781,1.90642,1.93125,1.95247,1.97,1.98374,1.99364,1.99963,2.00167,1.99976,1.99387,1.98402,1.97023,1.95254,1.93102,1.90573,1.87676,1.84422,1.80824,1.76893,1.72647,1.681,1.63272,1.5818,1.52846,1.47291,1.41538,1.3561,1.29531,1.23326,1.17022,1.10644,1.04219,0.977735,0.913354,0.849313,0.785881,0.723327,0.661914,0.601902,0.543542,0.487082,0.432759,0.380802,0.331427,0.284843,0.241244,0.200811,0.163711,0.130099,0.100112,0.0738734,0.0514899,0.0330524,0.0186351,0.00829595,0.00207603,2.99952e-32,
0,0.00186629,0.00745897,0.0167593,0.029736,0.0463448,0.0665289,0.0902186,0.117331,0.147773,0.181435,0.218198,0.257932,0.300492,0.345726,0.393468,0.443543,0.495768,0.549949,0.605884,0.663365,0.722175,0.782093,0.842892,0.90434,0.966203,1.02824,1.09022,1.1519,1.21304,1.27339,1.33274,1.39084,1.44746,1.50239,1.5554,1.60629,1.65484,1.70088,1.7442,1.78465,1.82205,1.85625,1.88711,1.91451,1.93833,1.95847,1.97485,1.98739,1.99605,2.00077,2.00154,1.99835,1.9912,1.98011,1.96513,1.94631,1.92372,1.89744,1.86757,1.83423,1.79754,1.75764,1.7147,1.66888,1.62035,1.56931,1.51596,1.46052,1.40319,1.34421,1.28382,1.22225,1.15976,1.09659,1.033,0.969241,0.905578,0.842268,0.779568,0.717736,0.657023,0.59768,0.539952,0.484078,0.43029,0.378813,0.329862,0.283643,0.240351,0.20017,0.163272,0.129813,0.0999385,0.0737773,0.0514432,0.0330337,0.0186299,0.00829545,0.00207619,2.99952e-32,
0,0.00193074,0.00771502,0.0173291,0.0307339,0.0478751,0.0686836,0.093076,0.120955,0.15221,0.186718,0.224343,0.264938,0.308344,0.354392,0.402905,0.453695,0.506567,0.561318,0.617738,0.675613,0.734721,0.794838,0.855735,0.917182,0.978945,1.04079,1.10249,1.1638,1.22449,1.28433,1.3431,1.40056,1.45651,1.51072,1.56299,1.61312,1.6609,1.70617,1.74872,1.78841,1.82507,1.85855,1.88872,1.91545,1.93863,1.95817,1.97397,1.98597,1.99411,1.99834,1.99865,1.99502,1.98745,1.97596,1.96059,1.94139,1.91842,1.89177,1.86154,1.82784,1.79079,1.75054,1.70725,1.66108,1.61221,1.56084,1.50718,1.45143,1.39383,1.3346,1.27399,1.21224,1.1496,1.08634,1.02271,0.958964,0.895374,0.832198,0.769697,0.708127,0.647741,0.588787,0.531508,0.476137,0.422902,0.37202,0.323698,0.278132,0.235508,0.195996,0.159758,0.126937,0.0976656,0.0720596,0.0502208,0.0322351,0.0181733,0.00808998,0.00202444,2.99952e-32,
0,0.00220447,0.00880835,0.019783,0.0350805,0.0546339,0.0783572,0.106145,0.137876,0.173406,0.21258,0.25522,0.301137,0.350124,0.401961,0.456417,0.513245,0.572192,0.632992,0.695373,0.759057,0.823759,0.88919,0.955061,1.02108,1.08696,1.15241,1.21714,1.28087,1.34334,1.40427,1.4634,1.52049,1.5753,1.6276,1.67719,1.72386,1.76743,1.80773,1.84461,1.87793,1.90758,1.93344,1.95545,1.97352,1.98762,1.9977,2.00375,2.00577,2.00379,1.99783,1.98795,1.97422,1.9567,1.9355,1.91073,1.8825,1.85094,1.81621,1.77845,1.73782,1.6945,1.64867,1.60051,1.55021,1.49798,1.44402,1.38853,1.33172,1.27381,1.21501,1.15554,1.09561,1.03544,0.975246,0.915233,0.855616,0.796603,0.738396,0.681198,0.625202,0.570601,0.51758,0.466316,0.416985,0.36975,0.324771,0.282199,0.242176,0.204836,0.170306,0.1387,0.110126,0.0846791,0.0624465,0.0435036,0.0279149,0.0157341,0.00700314,0.00175232,2.99952e-32,
0,0.0019494,0.00778943,0.0174958,0.0310281,0.0483308,0.0693328,0.0939485,0.122078,0.153608,0.188412,0.22635,0.267272,0.311016,0.357409,0.406269,0.457404,0.510615,0.565695,0.62243,0.680602,0.739984,0.80035,0.861466,0.9231,0.985013,1.04697,1.10873,1.17007,1.23074,1.29051,1.34916,1.40646,1.46219,1.51614,1.5681,1.61786,1.66524,1.71006,1.75213,1.7913,1.82741,1.86031,1.88988,1.916,1.93857,1.95748,1.97266,1.98406,1.99161,1.99528,1.99505,1.99091,1.98288,1.97098,1.95524,1.93573,1.9125,1.88565,1.85527,1.82148,1.7844,1.74418,1.70095,1.65491,1.6062,1.55504,1.50162,1.44615,1.38884,1.32993,1.26965,1.20824,1.14595,1.08303,1.01973,0.956315,0.893041,0.830165,0.767945,0.706635,0.646487,0.587749,0.530661,0.475459,0.422369,0.37161,0.323391,0.277909,0.235352,0.195892,0.159692,0.126899,0.0976455,0.072051,0.0502185,0.0322357,0.0181744,0.00809079,0.00202468,2.99952e-32,
0,0.00185275,0.00740496,0.0166384,0.0295227,0.0460149,0.0660598,0.0895896,0.116524,0.146772,0.180227,0.216775,0.256286,0.298621,0.34363,0.391151,0.441014,0.493037,0.547031,0.602796,0.660127,0.718811,0.778628,0.839352,0.900755,0.962603,1.02466,1.08668,1.14844,1.20969,1.27019,1.3297,1.38799,1.44484,1.50001,1.55328,1.60444,1.65329,1.69963,1.74327,1.78403,1.82175,1.85627,1.88744,1.91514,1.93926,1.95968,1.97632,1.98911,1.998,2.00293,2.00389,2.00086,1.99385,1.98288,1.96799,1.94924,1.9267,1.90044,1.87058,1.83722,1.8005,1.76055,1.71755,1.67164,1.62303,1.57189,1.51844,1.46287,1.40543,1.34633,1.28581,1.22411,1.16149,1.09819,1.03447,0.970594,0.906811,0.843386,0.780576,0.718638,0.657826,0.59839,0.540575,0.48462,0.430757,0.379212,0.330199,0.283924,0.240582,0.200357,0.163419,0.129927,0.100023,0.0738383,0.0514847,0.0330598,0.0186444,0.00830177,0.00207776,2.99952e-32,
0,0.00187266,0.00748338,0.0168105,0.0298182,0.0464567,0.0666627,0.0903598,0.117459,0.147857,0.181442,0.218088,0.257659,0.300007,0.344976,0.392401,0.442105,0.493907,0.547615,0.603031,0.659953,0.71817,0.777469,0.837631,0.898434,0.959653,1.02106,1.08243,1.14354,1.20415,1.26403,1.32297,1.38073,1.43711,1.49187,1.54482,1.59574,1.64444,1.69072,1.73439,1.77529,1.81325,1.8481,1.87971,1.90794,1.93267,1.95378,1.97118,1.9848,1.99455,2.00039,2.00228,2.0002,1.99414,1.98411,1.97014,1.95227,1.93055,1.90507,1.87592,1.8432,1.80703,1.76756,1.72493,1.67931,1.63089,1.57986,1.52641,1.47077,1.41317,1.35384,1.29302,1.23096,1.16793,1.10418,1.03997,0.975587,0.911284,0.847336,0.78401,0.721571,0.660281,0.600397,0.54217,0.485844,0.431654,0.379827,0.33058,0.284117,0.240631,0.200303,0.163301,0.129775,0.0998649,0.0736925,0.0513649,0.0329727,0.0185905,0.00827619,0.0020711,2.99952e-32,
0,0.0022016,0.00879661,0.0197556,0.0350293,0.0545491,0.0782269,0.105955,0.137609,0.173045,0.212101,0.2546,0.300349,0.34914,0.400752,0.454951,0.511492,0.57012,0.63057,0.692571,0.755847,0.820116,0.885091,0.950488,1.01602,1.0814,1.14634,1.21057,1.27381,1.3358,1.39627,1.45497,1.51166,1.56611,1.6181,1.66743,1.71389,1.75733,1.79756,1.83444,1.86784,1.89764,1.92374,1.94606,1.96453,1.97909,1.98971,1.99638,1.99909,1.99785,1.99269,1.98367,1.97082,1.95423,1.93399,1.91019,1.88294,1.85237,1.8186,1.78179,1.74209,1.69966,1.65468,1.60732,1.55776,1.50621,1.45285,1.39789,1.34154,1.28401,1.2255,1.16623,1.10643,1.0463,0.986054,0.925917,0.8661,0.806814,0.748268,0.690668,0.634217,0.579111,0.525545,0.473704,0.423771,0.375918,0.330312,0.287114,0.246474,0.208534,0.173427,0.141277,0.112196,0.0862872,0.0636429,0.0443431,0.0284568,0.0160409,0.00714012,0.00178666,2.99952e-32,
0,0.00199785,0.00798303,0.0179305,0.0317989,0.0495307,0.0710529,0.096277,0.1251,0.157404,0.193058,0.231918,0.273827,0.318616,0.366107,0.416107,0.468419,0.522834,0.579135,0.637098,0.696494,0.757088,0.818639,0.880905,0.943639,1.00659,1.06952,1.13217,1.19429,1.25565,1.31599,1.37509,1.4327,1.4886,1.54257,1.59439,1.64386,1.69079,1.73499,1.77628,1.8145,1.8495,1.88114,1.90929,1.93385,1.95472,1.97181,1.98506,1.99441,1.99983,2.0013,1.99881,1.99237,1.982,1.96775,1.94968,1.92786,1.90237,1.87332,1.84082,1.805,1.766,1.72399,1.67912,1.63158,1.58155,1.52923,1.47484,1.41859,1.36069,1.30139,1.24091,1.17949,1.11739,1.05484,0.992088,0.929387,0.866983,0.805121,0.744043,0.683991,0.625199,0.567898,0.51231,0.458652,0.407133,0.357952,0.311298,0.267352,0.226282,0.188245,0.153386,0.121836,0.0937149,0.0691284,0.0481683,0.0309127,0.0174256,0.00775646,0.00194088,2.99952e-32,
0,0.00186887,0.00746922,0.0167822,0.0297761,0.0464067,0.0666168,0.0903366,0.117484,0.147963,0.181666,0.218476,0.258259,0.300873,0.346165,0.393969,0.444111,0.496407,0.550663,0.606677,0.66424,0.723136,0.783143,0.844031,0.905569,0.967522,1.02965,1.09171,1.15347,1.21468,1.27511,1.33451,1.39266,1.44932,1.50427,1.55729,1.60817,1.65671,1.7027,1.74598,1.78636,1.82368,1.85778,1.88853,1.91581,1.93949,1.95949,1.97571,1.98809,1.99657,2.00112,2.00172,1.99834,1.99101,1.97975,1.9646,1.94561,1.92285,1.89641,1.8664,1.83292,1.79611,1.75611,1.71307,1.66717,1.61857,1.56749,1.5141,1.45864,1.40131,1.34234,1.28197,1.22043,1.15798,1.09486,1.03133,0.967643,0.904055,0.840824,0.778207,0.71646,0.655836,0.596582,0.538944,0.483159,0.42946,0.378069,0.329203,0.283067,0.239855,0.19975,0.162923,0.129531,0.099718,0.0736121,0.0513264,0.0329578,0.0185867,0.00827603,0.00207131,2.99952e-32,
0,0.00183754,0.00734328,0.0164966,0.0292635,0.0455965,0.0654354,0.0887072,0.115326,0.145196,0.178207,0.214239,0.253161,0.294833,0.339104,0.385813,0.434793,0.485867,0.538851,0.593552,0.649775,0.707315,0.765965,0.825512,0.88574,0.946429,1.00736,1.06831,1.12904,1.18935,1.24901,1.30778,1.36546,1.42182,1.47666,1.52976,1.58092,1.62994,1.67662,1.72079,1.76226,1.80087,1.83646,1.86889,1.898,1.92369,1.94582,1.96431,1.97906,1.99,1.99706,2.00021,1.99942,1.99466,1.98594,1.97328,1.9567,1.93627,1.91204,1.8841,1.85255,1.81749,1.77907,1.73741,1.69269,1.64508,1.59476,1.54193,1.4868,1.4296,1.37057,1.30993,1.24795,1.18488,1.12098,1.05652,0.991773,0.927016,0.86252,0.798562,0.735415,0.67335,0.612633,0.553526,0.496284,0.441154,0.388374,0.338173,0.290768,0.246363,0.205151,0.16731,0.133002,0.102377,0.0755643,0.0526806,0.0338232,0.0190726,0.00849165,0.00212515,2.99952e-32,
0,0.00214089,0.00855439,0.0192129,0.0340705,0.0530629,0.0761078,0.103105,0.133937,0.16847,0.206553,0.248019,0.292689,0.340366,0.390844,0.443901,0.499308,0.556823,0.616196,0.67717,0.739482,0.802863,0.86704,0.931738,0.99668,1.06159,1.12619,1.19022,1.25339,1.31545,1.37615,1.43522,1.49242,1.54753,1.60032,1.65058,1.69811,1.74272,1.78424,1.82251,1.85739,1.88874,1.91646,1.94044,1.96061,1.97689,1.98925,1.99763,2.00204,2.00247,1.99892,1.99145,1.98008,1.96489,1.94595,1.92335,1.8972,1.8676,1.83469,1.79862,1.75953,1.71758,1.67295,1.62582,1.57638,1.52481,1.47134,1.41616,1.35948,1.30153,1.24253,1.18269,1.12224,1.06141,1.00042,0.939502,0.878871,0.818751,0.759359,0.700909,0.643612,0.587673,0.533289,0.480656,0.429958,0.381374,0.335077,0.291227,0.24998,0.211479,0.175858,0.143242,0.113746,0.0874716,0.0645111,0.0449447,0.028841,0.0162566,0.00723586,0.00181058,2.99952e-32,
0,0.00207627,0.00829579,0.0186308,0.0330354,0.0514457,0.0737805,0.0999417,0.129815,0.163269,0.200161,0.240329,0.283602,0.329794,0.378708,0.430136,0.483862,0.53966,0.597295,0.656529,0.717115,0.778803,0.841339,0.904468,0.967933,1.03147,1.09484,1.15777,1.22001,1.28132,1.34145,1.40016,1.45722,1.51241,1.56551,1.61632,1.66463,1.71026,1.75304,1.79279,1.82937,1.86265,1.89248,1.91877,1.9414,1.96031,1.97542,1.98668,1.99404,1.99749,1.99701,1.99262,1.98433,1.97218,1.95623,1.93653,1.91318,1.88627,1.8559,1.8222,1.7853,1.74535,1.70251,1.65695,1.60884,1.55839,1.50578,1.45123,1.39494,1.33714,1.27806,1.21792,1.15696,1.09541,1.03352,0.971516,0.909647,0.848149,0.787258,0.727207,0.668225,0.610538,0.554365,0.499919,0.447405,0.397022,0.348958,0.303394,0.260498,0.22043,0.183339,0.14936,0.118619,0.0912276,0.0672855,0.0468796,0.0300833,0.016957,0.00754758,0.00188856,2.99952e-32,
0,0.00189664,0.00757989,0.0170297,0.0302127,0.0470821,0.0675776,0.0916258,0.11914,0.150021,0.184156,0.221422,0.26168,0.304784,0.350573,0.398878,0.449518,0.502304,0.557038,0.613512,0.671512,0.730818,0.791203,0.852436,0.914281,0.9765,1.03885,1.10109,1.16298,1.22428,1.28474,1.34413,1.40221,1.45875,1.51354,1.56635,1.61697,1.66519,1.71084,1.75371,1.79365,1.83048,1.86406,1.89425,1.92093,1.94399,1.96333,1.97887,1.99055,1.99831,2.00212,2.00197,1.99784,1.98976,1.97774,1.96184,1.94211,1.91864,1.89151,1.86082,1.8267,1.78928,1.7487,1.70514,1.65875,1.60973,1.55826,1.50456,1.44882,1.39129,1.33217,1.27172,1.21017,1.14776,1.08475,1.02138,0.957917,0.894609,0.83171,0.769474,0.708152,0.647991,0.589234,0.532121,0.476882,0.423744,0.372923,0.324627,0.279054,0.236393,0.196819,0.160496,0.127576,0.0981945,0.0724756,0.0505268,0.0324406,0.0182933,0.00814483,0.00203839,2.99952e-32,
0,0.00179661,0.00718024,0.0161324,0.0286222,0.0446071,0.0640322,0.0868313,0.112926,0.142229,0.174638,0.210043,0.248323,0.289346,0.332972,0.37905,0.427421,0.477916,0.530361,0.58457,0.640354,0.697516,0.755853,0.815156,0.875213,0.935807,0.996717,1.05772,1.1186,1.17911,1.23905,1.29818,1.35628,1.41312,1.46849,1.52218,1.57397,1.62366,1.67104,1.71594,1.75816,1.79753,1.83388,1.86707,1.89694,1.92337,1.94624,1.96544,1.98088,1.99248,2.00019,2.00394,2.00372,1.9995,1.99128,1.97908,1.96294,1.9429,1.91903,1.8914,1.86013,1.82531,1.78709,1.74561,1.70102,1.6535,1.60324,1.55044,1.4953,1.43806,1.37894,1.3182,1.25607,1.19282,1.12871,1.06402,0.999011,0.933964,0.869157,0.804865,0.741365,0.678929,0.617829,0.558327,0.500682,0.445146,0.391959,0.341354,0.293552,0.248762,0.20718,0.168989,0.134355,0.103431,0.0763507,0.0532339,0.0341812,0.0192757,0.0085825,0.00214795,2.99952e-32,
0,0.00208857,0.00834546,0.0187443,0.0332409,0.0517741,0.0742649,0.100618,0.13072,0.164445,0.201647,0.242168,0.285835,0.332462,0.38185,0.433789,0.488058,0.544425,0.602652,0.662492,0.723692,0.785993,0.849134,0.912849,0.976872,1.04094,1.10477,1.16812,1.23072,1.29231,1.35264,1.41147,1.46856,1.52367,1.5766,1.62713,1.67506,1.7202,1.76239,1.80146,1.83727,1.86968,1.89857,1.92384,1.94541,1.9632,1.97716,1.98723,1.99341,1.99567,1.99403,1.9885,1.97911,1.96592,1.949,1.92841,1.90424,1.87661,1.84562,1.8114,1.7741,1.73385,1.69082,1.64519,1.59711,1.54679,1.4944,1.44016,1.38427,1.32694,1.26838,1.20882,1.14848,1.08758,1.02636,0.965034,0.903843,0.843012,0.782768,0.723337,0.664941,0.6078,0.552127,0.498132,0.446018,0.395983,0.348214,0.302894,0.260194,0.220277,0.183295,0.149389,0.118691,0.0913183,0.067376,0.0469572,0.0301411,0.0169933,0.00756494,0.0018931,2.99952e-32,
0,0.00210359,0.00840514,0.0188771,0.0334737,0.0521313,0.0747689,0.101288,0.131575,0.165497,0.20291,0.243652,0.287549,0.334413,0.384043,0.436229,0.490748,0.54737,0.605856,0.665959,0.727426,0.789999,0.853417,0.917416,0.981729,1.04609,1.11023,1.17389,1.2368,1.29871,1.35936,1.41852,1.47592,1.53136,1.58459,1.63542,1.68363,1.72903,1.77146,1.81073,1.8467,1.87923,1.90819,1.93349,1.95502,1.9727,1.98649,1.99632,2.00218,2.00405,2.00193,1.99585,1.98583,1.97194,1.95423,1.93279,1.90771,1.87911,1.8471,1.81183,1.77344,1.73208,1.68794,1.64118,1.59201,1.54061,1.48719,1.43196,1.37515,1.31696,1.25764,1.1974,1.13648,1.07512,1.01353,0.951971,0.890658,0.829823,0.769693,0.710491,0.652435,0.595736,0.540603,0.487234,0.435822,0.386552,0.339599,0.295131,0.253304,0.214266,0.178155,0.145095,0.115202,0.0885802,0.0653205,0.0455033,0.0291964,0.0164555,0.00732386,0.00183251,2.99952e-32,
0,0.00194457,0.00777093,0.017457,0.0309659,0.0482461,0.0692319,0.0938429,0.121985,0.15355,0.188416,0.22645,0.267504,0.31142,0.358029,0.407148,0.458589,0.512151,0.567626,0.624798,0.683444,0.743336,0.80424,0.865919,0.928132,0.990636,1.05319,1.11554,1.17745,1.23868,1.29898,1.35813,1.41588,1.47201,1.52631,1.57856,1.62854,1.67607,1.72096,1.76303,1.80212,1.83806,1.87071,1.89995,1.92565,1.94772,1.96606,1.98059,1.99126,1.99802,2.00084,1.99971,1.99463,1.98561,1.97268,1.95591,1.93534,1.91106,1.88316,1.85175,1.81695,1.7789,1.73775,1.69366,1.64681,1.59738,1.54556,1.49157,1.43562,1.37793,1.31872,1.25825,1.19675,1.13446,1.07163,1.00852,0.945377,0.882451,0.819994,0.758257,0.697485,0.637921,0.579801,0.523359,0.468817,0.416395,0.3663,0.318733,0.273882,0.231927,0.193034,0.15736,0.125046,0.0962225,0.0710035,0.0494906,0.0317699,0.0179127,0.00797461,0.00199567,2.99952e-32,
0,0.00180487,0.00721308,0.0162054,0.0287502,0.0448029,0.0643069,0.0871935,0.113382,0.14278,0.175285,0.210781,0.249144,0.290239,0.333922,0.380038,0.428425,0.478913,0.531323,0.585469,0.641161,0.698199,0.756382,0.815502,0.875347,0.935702,0.996349,1.05707,1.11764,1.17785,1.23746,1.29626,1.35404,1.41056,1.46563,1.51903,1.57055,1.62,1.66717,1.71189,1.75398,1.79325,1.82956,1.86274,1.89265,1.91917,1.94217,1.96154,1.9772,1.98906,1.99706,2.00113,2.00126,1.99741,1.98959,1.9778,1.96207,1.94244,1.91898,1.89176,1.86088,1.82644,1.78857,1.74742,1.70313,1.65588,1.60586,1.55326,1.49829,1.44118,1.38216,1.32148,1.25938,1.19613,1.132,1.06725,1.00216,0.937006,0.872074,0.80764,0.743984,0.681382,0.620105,0.560422,0.502592,0.446869,0.393498,0.342711,0.294733,0.249774,0.208032,0.16969,0.134918,0.103867,0.0766755,0.0534619,0.0343284,0.0193592,0.0086198,0.00215731,2.99952e-32,
0,0.00200085,0.00799541,0.0179597,0.031854,0.0496225,0.0711943,0.0964827,0.125386,0.15779,0.193562,0.23256,0.274628,0.319595,0.367283,0.417498,0.470041,0.524699,0.581254,0.639478,0.699139,0.759997,0.821808,0.884325,0.947297,1.01047,1.0736,1.13642,1.19869,1.26016,1.32059,1.37972,1.43733,1.49319,1.54708,1.59877,1.64808,1.69479,1.73873,1.77973,1.81762,1.85226,1.8835,1.91123,1.93535,1.95575,1.97237,1.98513,1.994,1.99894,1.99993,1.99697,1.99009,1.9793,1.96466,1.94623,1.92408,1.89831,1.86901,1.83631,1.80033,1.76123,1.71915,1.67426,1.62674,1.57678,1.52457,1.47032,1.41424,1.35655,1.29748,1.23726,1.17612,1.1143,1.05205,0.989595,0.927193,0.865082,0.803504,0.742698,0.682901,0.624346,0.567258,0.511861,0.458369,0.40699,0.357924,0.31136,0.267479,0.226451,0.188437,0.153582,0.122022,0.0938806,0.0692658,0.0482736,0.0309857,0.0174692,0.00777671,0.00194608,2.99952e-32,
0,0.00213968,0.00854925,0.0192004,0.034046,0.0530205,0.0760403,0.103004,0.133793,0.168271,0.206288,0.247677,0.292256,0.33983,0.390192,0.443123,0.498392,0.555759,0.614976,0.675788,0.737931,0.80114,0.865143,0.929667,0.994437,1.05918,1.12362,1.18749,1.25051,1.31244,1.37301,1.43197,1.48908,1.54411,1.59684,1.64706,1.69456,1.73917,1.78071,1.81902,1.85396,1.8854,1.91323,1.93734,1.95766,1.97412,1.98667,1.99527,1.99991,2.00059,1.99733,1.99014,1.97908,1.9642,1.94558,1.92331,1.89749,1.86823,1.83566,1.79992,1.76115,1.71952,1.67519,1.62835,1.57917,1.52786,1.47461,1.41963,1.36312,1.30532,1.24642,1.18667,1.12627,1.06546,1.00445,0.943486,0.882779,0.822553,0.76303,0.704425,0.64695,0.590814,0.53622,0.483362,0.432432,0.383611,0.337074,0.292987,0.251507,0.212782,0.176949,0.144136,0.114457,0.0880192,0.0649148,0.0452255,0.0290208,0.0163577,0.00728075,0.00182178,2.99952e-32,
0,0.00198093,0.00791605,0.0177824,0.0315416,0.0491404,0.0705103,0.0955683,0.124217,0.156344,0.191825,0.23052,0.272278,0.316936,0.364317,0.414235,0.466493,0.520885,0.577195,0.635199,0.694669,0.755366,0.817048,0.879471,0.942384,1.00554,1.06867,1.13154,1.1939,1.25548,1.31605,1.37536,1.43318,1.48927,1.54341,1.59538,1.64498,1.69201,1.73628,1.77762,1.81585,1.85085,1.88245,1.91054,1.93502,1.95578,1.97274,1.98585,1.99505,2.0003,2.0016,1.99893,1.99232,1.98179,1.96739,1.94917,1.92722,1.90162,1.87247,1.8399,1.80403,1.76502,1.723,1.67816,1.63068,1.58073,1.52851,1.47424,1.41812,1.36039,1.30125,1.24095,1.17972,1.1178,1.05544,0.992867,0.930335,0.868086,0.806361,0.745401,0.685444,0.626722,0.569464,0.513893,0.460225,0.408669,0.359426,0.312689,0.268638,0.227447,0.189275,0.154273,0.122577,0.0943108,0.0695855,0.0484978,0.0311302,0.0175509,0.00781319,0.00195522,2.99952e-32,
0,0.00180618,0.00721858,0.0162188,0.0287762,0.0448481,0.0643796,0.0873042,0.113544,0.143008,0.175596,0.211196,0.249684,0.29093,0.334788,0.381107,0.429725,0.480473,0.533171,0.587633,0.643667,0.701073,0.759644,0.819172,0.879439,0.940227,1.00131,1.06247,1.12348,1.1841,1.24412,1.3033,1.36142,1.41826,1.47359,1.5272,1.57888,1.62843,1.67565,1.72034,1.76233,1.80144,1.8375,1.87037,1.89991,1.92597,1.94846,1.96726,1.98228,1.99346,2.00072,2.00403,2.00336,1.99869,1.99003,1.97739,1.96082,1.94036,1.91609,1.88809,1.85646,1.82132,1.7828,1.74104,1.69622,1.6485,1.59808,1.54515,1.48993,1.43263,1.37351,1.31279,1.25072,1.18757,1.1236,1.05906,0.994241,0.929407,0.864832,0.800791,0.737556,0.675396,0.614579,0.555364,0.498007,0.442754,0.389846,0.33951,0.291966,0.247419,0.206065,0.168082,0.133637,0.102881,0.075947,0.052954,0.0340025,0.0191755,0.00853804,0.00213686,2.99952e-32,
0,0.00194465,0.00777078,0.017455,0.0309586,0.0482274,0.0691925,0.0937701,0.121862,0.153357,0.18813,0.226043,0.266946,0.310678,0.357067,0.405931,0.457078,0.510308,0.565414,0.622181,0.680389,0.739813,0.800222,0.861383,0.923061,0.985017,1.04701,1.10881,1.17017,1.23087,1.29065,1.34931,1.4066,1.46232,1.51625,1.56817,1.61789,1.66523,1.70999,1.752,1.7911,1.82713,1.85996,1.88946,1.9155,1.93799,1.95683,1.97195,1.98328,1.99077,1.99439,1.99412,1.98996,1.9819,1.96999,1.95425,1.93474,1.91154,1.88472,1.85439,1.82065,1.78364,1.74349,1.70036,1.6544,1.60581,1.55477,1.50147,1.44612,1.38895,1.33017,1.27002,1.20875,1.14658,1.08378,1.0206,0.957289,0.894105,0.831305,0.769145,0.707879,0.647758,0.589028,0.53193,0.476701,0.423567,0.372748,0.324454,0.278886,0.236231,0.196667,0.160357,0.127453,0.0980911,0.0723927,0.0504647,0.0323982,0.0182682,0.00813325,0.00203542,2.99952e-32,
0,0.00213711,0.0085391,0.0191781,0.0340076,0.0529629,0.0759612,0.102902,0.133668,0.168125,0.206123,0.247496,0.292064,0.339633,0.389998,0.442939,0.498227,0.555624,0.614882,0.675747,0.737956,0.801243,0.865339,0.92997,0.994861,1.05974,1.12433,1.18836,1.25157,1.31369,1.37446,1.43363,1.49096,1.54623,1.59919,1.64965,1.69739,1.74223,1.78401,1.82254,1.85769,1.88932,1.91732,1.94158,1.96202,1.97857,1.99117,1.9998,2.00443,2.00505,2.00168,1.99435,1.9831,1.96799,1.9491,1.92651,1.90033,1.87068,1.83769,1.8015,1.76225,1.72013,1.6753,1.62794,1.57825,1.52643,1.47269,1.41723,1.36028,1.30205,1.24277,1.18267,1.12197,1.0609,0.999701,0.938586,0.877785,0.81752,0.75801,0.69947,0.64211,0.586135,0.531744,0.479128,0.428471,0.379951,0.333735,0.289985,0.248849,0.21047,0.174978,0.142494,0.113128,0.0869793,0.0641368,0.044677,0.0286655,0.016156,0.00719049,0.00179913,2.99952e-32,
0,0.00203068,0.00811428,0.0182256,0.0323227,0.0503474,0.0722252,0.0978657,0.127163,0.159998,0.196233,0.235722,0.278301,0.323796,0.372021,0.422779,0.475862,0.531054,0.58813,0.646858,0.706998,0.768306,0.830535,0.893432,0.956743,1.02021,1.08358,1.1466,1.20901,1.27057,1.33103,1.39014,1.44767,1.5034,1.55709,1.60854,1.65755,1.70392,1.74747,1.78802,1.82543,1.85953,1.89021,1.91734,1.94082,1.96056,1.97648,1.98853,1.99665,2.00083,2.00105,1.99731,1.98963,1.97805,1.96262,1.9434,1.92047,1.89393,1.86388,1.83045,1.79377,1.754,1.71129,1.66582,1.61776,1.56731,1.51467,1.46004,1.40365,1.34572,1.28647,1.22614,1.16496,1.10317,1.04102,0.978734,0.916565,0.854751,0.793528,0.733133,0.673795,0.615743,0.559198,0.504373,0.451478,0.400713,0.352269,0.306329,0.263067,0.222643,0.185211,0.15091,0.119868,0.0922015,0.0680126,0.0473916,0.0304148,0.0171452,0.00763181,0.00190971,2.99952e-32,
0,0.00185062,0.007396,0.0166166,0.0294801,0.045941,0.0659411,0.0894095,0.116263,0.146405,0.179729,0.216115,0.255432,0.297538,0.342282,0.389501,0.439023,0.490668,0.544247,0.599563,0.656412,0.714585,0.773866,0.834035,0.894866,0.956133,1.0176,1.07905,1.14024,1.20093,1.2609,1.31993,1.37777,1.43421,1.48902,1.54201,1.59295,1.64165,1.68792,1.73157,1.77242,1.81032,1.84511,1.87665,1.90481,1.92946,1.95051,1.96786,1.98144,1.99119,1.99705,1.99899,1.99699,1.99106,1.98121,1.96745,1.94985,1.92845,1.90333,1.87458,1.84231,1.80663,1.76768,1.72561,1.68057,1.63274,1.58231,1.52946,1.47442,1.41739,1.3586,1.29829,1.23671,1.1741,1.11071,1.04681,0.982651,0.91851,0.85465,0.791336,0.728833,0.667405,0.607311,0.548807,0.492141,0.437557,0.385287,0.335557,0.288583,0.244568,0.203702,0.166166,0.132122,0.101721,0.0750949,0.0523626,0.0336243,0.018963,0.00844367,0.00211328,2.99952e-32,
0,0.00185381,0.00740847,0.0166438,0.0295262,0.0460089,0.0660322,0.0895238,0.116399,0.14656,0.179898,0.216293,0.255613,0.297716,0.34245,0.389653,0.439154,0.490773,0.544321,0.599605,0.656421,0.714562,0.773814,0.833958,0.894772,0.95603,1.0175,1.07896,1.14018,1.20091,1.26094,1.32004,1.37797,1.43451,1.48945,1.54257,1.59366,1.64252,1.68896,1.73278,1.77382,1.8119,1.84687,1.87858,1.9069,1.93171,1.9529,1.97038,1.98406,1.99388,1.9998,2.00177,1.99978,1.99382,1.98391,1.97007,1.95234,1.93079,1.9055,1.87654,1.84404,1.80811,1.76888,1.72651,1.68116,1.63301,1.58225,1.52907,1.47369,1.41634,1.35724,1.29663,1.23476,1.17189,1.10827,1.04416,0.979838,0.915562,0.851602,0.788228,0.725703,0.664292,0.604253,0.545839,0.489298,0.434868,0.38278,0.333256,0.286505,0.242725,0.202103,0.164812,0.131008,0.100837,0.0744251,0.0518849,0.0333116,0.0187839,0.00836307,0.00209297,2.99952e-32,
0,0.00213162,0.00851731,0.0191295,0.0339223,0.0528316,0.0757753,0.102654,0.13335,0.167731,0.205647,0.246932,0.291406,0.338877,0.389138,0.441969,0.497142,0.554418,0.613548,0.674277,0.736343,0.799479,0.863416,0.927879,0.992594,1.05729,1.12169,1.18552,1.24852,1.31043,1.37098,1.42994,1.48706,1.54211,1.59487,1.64512,1.69268,1.73735,1.77896,1.81736,1.85239,1.88394,1.91188,1.93612,1.95657,1.97317,1.98586,1.99462,1.99942,2.00026,1.99716,1.99014,1.97924,1.96453,1.94607,1.92396,1.89829,1.86919,1.83676,1.80115,1.76251,1.721,1.67679,1.63004,1.58096,1.52973,1.47655,1.42162,1.36517,1.30739,1.24853,1.18878,1.12839,1.06757,1.00655,0.945556,0.884813,0.824542,0.764964,0.706295,0.648748,0.592531,0.537848,0.484895,0.433862,0.384933,0.338282,0.294079,0.25248,0.213634,0.177682,0.144751,0.114961,0.0884168,0.0652152,0.0454393,0.0291605,0.0164376,0.0073167,0.00183084,2.99952e-32,
0,0.00206556,0.00825335,0.0185367,0.0328716,0.0511965,0.0734333,0.0994872,0.129247,0.162588,0.199368,0.239432,0.282611,0.328724,0.377578,0.428969,0.482683,0.538495,0.596176,0.655485,0.716178,0.778005,0.840713,0.904044,0.967741,1.03154,1.09519,1.15843,1.22099,1.28264,1.34313,1.4022,1.45962,1.51517,1.56863,1.61977,1.66841,1.71434,1.7574,1.7974,1.8342,1.86764,1.89761,1.92399,1.94668,1.96558,1.98064,1.9918,1.99902,2.00227,2.00155,1.99687,1.98826,1.97574,1.95939,1.93926,1.91545,1.88806,1.85719,1.82298,1.78557,1.74511,1.70177,1.65571,1.60713,1.55623,1.5032,1.44825,1.39161,1.33349,1.27413,1.21376,1.15262,1.09093,1.02895,0.966911,0.905048,0.8436,0.782801,0.722881,0.664067,0.606579,0.550632,0.496436,0.444189,0.394087,0.346312,0.30104,0.258436,0.218653,0.181837,0.14812,0.117622,0.0904532,0.0667095,0.0464755,0.0298226,0.0168094,0.00748172,0.00187206,2.99952e-32,
0,0.0018964,0.00757881,0.0170269,0.0302068,0.0470708,0.0675581,0.0915942,0.119091,0.149949,0.184054,0.221281,0.261493,0.304539,0.35026,0.398486,0.449037,0.501721,0.556343,0.612694,0.670562,0.729728,0.789965,0.851045,0.912734,0.974794,1.03699,1.09907,1.16081,1.22196,1.28229,1.34155,1.39952,1.45597,1.51068,1.56342,1.614,1.66221,1.70785,1.75075,1.79073,1.82763,1.86131,1.89161,1.91843,1.94165,1.96117,1.97691,1.98881,1.9968,2.00087,2.00097,1.99712,1.98932,1.97759,1.96198,1.94255,1.91936,1.89251,1.8621,1.82825,1.79108,1.75075,1.7074,1.66121,1.61236,1.56105,1.50747,1.45183,1.39437,1.3353,1.27487,1.21331,1.15087,1.0878,1.02435,0.960792,0.897367,0.834336,0.771955,0.710476,0.650151,0.591225,0.533939,0.478527,0.425216,0.374226,0.325766,0.280037,0.237227,0.197515,0.161064,0.128027,0.0985417,0.0727317,0.0507052,0.032555,0.0183578,0.00817352,0.00204556,2.99952e-32,
0,0.00181622,0.0072582,0.0163059,0.0289264,0.0450735,0.0646886,0.0877006,0.114027,0.143571,0.176229,0.211883,0.250404,0.291656,0.335491,0.381753,0.430276,0.480889,0.53341,0.587652,0.643422,0.70052,0.758742,0.817879,0.877719,0.938045,0.99864,1.05928,1.11975,1.17983,1.23929,1.29792,1.35549,1.4118,1.46662,1.51976,1.571,1.62015,1.66702,1.71143,1.75319,1.79214,1.82811,1.86097,1.89057,1.91678,1.9395,1.95861,1.97402,1.98566,1.99347,1.9974,1.99741,1.99349,1.98563,1.97384,1.95816,1.93863,1.91529,1.88824,1.85757,1.82337,1.78577,1.74491,1.70094,1.65402,1.60434,1.55209,1.49748,1.44072,1.38204,1.32168,1.25989,1.19692,1.13303,1.06851,1.00361,0.93861,0.873798,0.809449,0.745842,0.683255,0.621962,0.562232,0.504329,0.44851,0.395022,0.344103,0.295982,0.250872,0.208977,0.170483,0.135563,0.104374,0.077056,0.0537307,0.0345029,0.0194583,0.00866416,0.00216844,2.99952e-32,
0,0.00208384,0.00832691,0.0187038,0.0331723,0.0516732,0.0741303,0.100451,0.130528,0.164234,0.201431,0.241964,0.285664,0.332347,0.381818,0.43387,0.488284,0.544832,0.603275,0.663367,0.724856,0.787482,0.850983,0.915091,0.979537,1.04405,1.10836,1.1722,1.2353,1.29741,1.35825,1.41759,1.47518,1.53078,1.58417,1.63513,1.68345,1.72895,1.77145,1.81077,1.84676,1.8793,1.90825,1.93351,1.95499,1.97261,1.98632,1.99607,2.00184,2.00362,2.00142,1.99526,1.98517,1.97122,1.95347,1.932,1.90692,1.87834,1.84638,1.81117,1.77287,1.73163,1.68763,1.64104,1.59205,1.54085,1.48766,1.43266,1.37609,1.31816,1.25908,1.19909,1.13841,1.07728,1.01591,0.954532,0.893384,0.832686,0.772662,0.713531,0.655511,0.598811,0.54364,0.490197,0.438676,0.389264,0.342141,0.297476,0.255431,0.21616,0.179805,0.146498,0.116361,0.0895023,0.0660216,0.0460048,0.0295254,0.0166442,0.00740894,0.00185397,2.99952e-32,
0,0.00208509,0.00833112,0.0187105,0.0331777,0.0516692,0.0741045,0.100386,0.1304,0.164016,0.201092,0.241466,0.284968,0.331412,0.380601,0.432327,0.486372,0.542511,0.600507,0.660118,0.721098,0.783193,0.846147,0.9097,0.973593,1.03756,1.10135,1.16469,1.22733,1.28902,1.34951,1.40855,1.46591,1.52137,1.57469,1.62567,1.6741,1.7198,1.76259,1.8023,1.83878,1.87188,1.90148,1.92747,1.94974,1.96822,1.98284,1.99354,2.00029,2.00306,2.00187,1.9967,1.9876,1.9746,1.95777,1.93717,1.9129,1.88505,1.85375,1.81913,1.78132,1.74049,1.6968,1.65043,1.60156,1.5504,1.49714,1.44201,1.38522,1.32699,1.26756,1.20716,1.14602,1.08438,1.02247,0.96055,0.898839,0.837577,0.776995,0.717321,0.658779,0.601586,0.545956,0.492092,0.440191,0.390444,0.343029,0.298118,0.25587,0.216438,0.179959,0.146563,0.116366,0.0894736,0.065978,0.0459604,0.029489,0.0166201,0.007397,0.00185079,2.99952e-32,
0,0.00197854,0.00790651,0.0177609,0.0315033,0.0490799,0.0704217,0.0954447,0.12405,0.156125,0.191541,0.230159,0.271824,0.316371,0.363622,0.413389,0.465472,0.519664,0.575749,0.633503,0.692694,0.753088,0.814443,0.876514,0.939056,1.00182,1.06455,1.12701,1.18894,1.25011,1.31026,1.36916,1.42659,1.48231,1.5361,1.58777,1.63709,1.68389,1.72798,1.76918,1.80735,1.84233,1.87398,1.90219,1.92685,1.94786,1.96514,1.97863,1.98828,1.99405,1.99592,1.99389,1.98795,1.97815,1.96451,1.94709,1.92595,1.90119,1.87289,1.84117,1.80615,1.76797,1.72676,1.6827,1.63596,1.5867,1.53513,1.48145,1.42586,1.36858,1.30983,1.24985,1.18885,1.1271,1.06481,1.00225,0.939644,0.877252,0.815316,0.754081,0.693787,0.634674,0.576977,0.520926,0.466743,0.414646,0.364843,0.317534,0.272911,0.231152,0.192428,0.156896,0.124699,0.0959711,0.0708285,0.049375,0.0316993,0.0178745,0.00795812,0.00199162,2.99952e-32,
0,0.00176749,0.00706373,0.0158702,0.0281562,0.0438792,0.0629849,0.0854076,0.111071,0.139886,0.171756,0.206573,0.244217,0.284563,0.327472,0.372799,0.420392,0.470087,0.521718,0.575106,0.63007,0.686421,0.743965,0.802502,0.86183,0.921739,0.982019,1.04246,1.10284,1.16294,1.22254,1.28144,1.3394,1.39622,1.45167,1.50555,1.55765,1.60776,1.65568,1.70123,1.74422,1.78446,1.8218,1.85606,1.8871,1.91478,1.93897,1.95956,1.97643,1.98951,1.99872,2.004,2.00529,2.00258,1.99586,1.98511,1.97037,1.95168,1.92908,1.90266,1.87249,1.83869,1.80137,1.76068,1.71677,1.66982,1.61999,1.56751,1.51257,1.4554,1.39625,1.33535,1.27296,1.20935,1.14479,1.07955,1.01393,0.948193,0.882639,0.817553,0.753219,0.689923,0.627943,0.567553,0.509023,0.452611,0.398569,0.347136,0.298542,0.253002,0.210718,0.171878,0.136653,0.1052,0.0776563,0.0541437,0.034765,0.0196048,0.00872891,0.00218457,2.99952e-32,
0,0.00204544,0.00817374,0.0183608,0.0325662,0.0507336,0.0727904,0.098648,0.128202,0.161334,0.197908,0.237775,0.280774,0.326726,0.375444,0.426727,0.480362,0.536129,0.593796,0.653123,0.713865,0.77577,0.838579,0.902033,0.965868,1.02982,1.09362,1.15701,1.21973,1.28152,1.34212,1.4013,1.4588,1.51439,1.56786,1.61899,1.66757,1.71342,1.75635,1.7962,1.83281,1.86605,1.89579,1.92193,1.94436,1.96301,1.97782,1.98874,1.99574,1.9988,1.99792,1.99311,1.98441,1.97186,1.95552,1.93546,1.91178,1.88457,1.85395,1.82005,1.783,1.74295,1.70007,1.65452,1.60648,1.55614,1.50371,1.44937,1.39333,1.33583,1.27706,1.21726,1.15665,1.09546,1.03392,0.972271,0.910733,0.849542,0.788927,0.729116,0.670334,0.612803,0.556739,0.502353,0.449852,0.399434,0.35129,0.305605,0.262553,0.222299,0.184998,0.150793,0.119819,0.0921943,0.0680282,0.0474154,0.0304373,0.0171612,0.00764002,0.00191194,2.99952e-32,
0,0.0020851,0.00833115,0.0187106,0.0331777,0.0516694,0.0741049,0.100387,0.130402,0.164021,0.2011,0.241481,0.284991,0.331446,0.38065,0.432395,0.486464,0.54263,0.600658,0.660307,0.721329,0.78347,0.846474,0.910081,0.974028,1.03805,1.1019,1.16529,1.22799,1.28973,1.35026,1.40934,1.46673,1.5222,1.57553,1.62651,1.67493,1.72061,1.76336,1.80301,1.83942,1.87245,1.90196,1.92784,1.95001,1.96837,1.98286,1.99344,2.00006,2.00271,2.00139,1.9961,1.98689,1.97379,1.95686,1.93618,1.91184,1.88395,1.85261,1.81797,1.78016,1.73934,1.69567,1.64934,1.60053,1.54944,1.49627,1.44122,1.38453,1.3264,1.26707,1.20677,1.14574,1.0842,1.02239,0.960559,0.89893,0.83774,0.777221,0.7176,0.659099,0.601938,0.546327,0.492472,0.440572,0.390815,0.343383,0.298449,0.256173,0.216708,0.180195,0.146763,0.116531,0.0896034,0.0660759,0.0460298,0.0295342,0.0166458,0.00740851,0.00185368,2.99952e-32,
0,0.0020351,0.00813248,0.0182683,0.0324028,0.0504801,0.0724284,0.0981604,0.127573,0.160548,0.196953,0.236639,0.279447,0.325203,0.373718,0.424796,0.478226,0.533791,0.591261,0.6504,0.710965,0.772707,0.83537,0.898697,0.962428,1.0263,1.09005,1.15341,1.21613,1.27795,1.33862,1.39789,1.45551,1.51126,1.56491,1.61625,1.66506,1.71116,1.75437,1.79451,1.83143,1.86498,1.89504,1.9215,1.94426,1.96323,1.97835,1.98958,1.99687,2.0002,1.99958,1.99502,1.98655,1.9742,1.95804,1.93815,1.91461,1.88752,1.85699,1.82316,1.78616,1.74614,1.70326,1.65769,1.60962,1.55923,1.50672,1.45229,1.39616,1.33854,1.27965,1.21971,1.15896,1.09762,1.03594,0.974132,0.912441,0.851099,0.790337,0.730383,0.671464,0.613802,0.557615,0.503115,0.450507,0.399993,0.351762,0.305998,0.262876,0.222561,0.185207,0.150957,0.119943,0.0922868,0.0680943,0.0474602,0.0304653,0.0171767,0.00764684,0.00191363,2.99952e-32,
0,0.00177272,0.00708437,0.0159155,0.0282341,0.0439957,0.0631435,0.0856094,0.111313,0.140164,0.172061,0.206892,0.244535,0.284859,0.327725,0.372984,0.420479,0.470048,0.521518,0.574714,0.629452,0.685543,0.742795,0.801008,0.859981,0.91951,0.979387,1.0394,1.09934,1.159,1.21815,1.2766,1.33412,1.3905,1.44555,1.49904,1.55079,1.60059,1.64824,1.69357,1.73639,1.77653,1.81382,1.8481,1.87922,1.90706,1.93147,1.95234,1.96957,1.98308,1.99277,1.99858,2.00048,1.99842,1.99238,1.98236,1.96838,1.95047,1.92867,1.90304,1.87367,1.84066,1.80412,1.76417,1.72097,1.67469,1.62549,1.57357,1.51914,1.46242,1.40364,1.34305,1.28089,1.21744,1.15297,1.08775,1.02207,0.956209,0.890466,0.825131,0.760493,0.696843,0.634466,0.573644,0.514651,0.457755,0.403214,0.351276,0.302177,0.256141,0.213378,0.17408,0.138428,0.106582,0.0786868,0.0548682,0.0352333,0.0198702,0.00884749,0.00221431,2.99952e-32,
0,0.00198888,0.00794808,0.0178553,0.031673,0.0493489,0.0708153,0.0959898,0.124775,0.15706,0.192718,0.231609,0.273581,0.318468,0.366093,0.416266,0.468787,0.523447,0.580028,0.638302,0.698036,0.758989,0.820917,0.88357,0.946697,1.01004,1.07335,1.13637,1.19884,1.26052,1.32115,1.38049,1.4383,1.49436,1.54844,1.60031,1.64979,1.69665,1.74074,1.78185,1.81984,1.85456,1.88587,1.91364,1.93777,1.95817,1.97475,1.98746,1.99625,2.00109,2.00196,1.99887,1.99183,1.98087,1.96604,1.94741,1.92505,1.89905,1.86953,1.8366,1.80039,1.76106,1.71876,1.67367,1.62595,1.57581,1.52344,1.46905,1.41285,1.35506,1.29591,1.23564,1.17447,1.11265,1.05041,0.987994,0.925649,0.863612,0.802122,0.741416,0.681728,0.623287,0.566317,0.511038,0.457662,0.406394,0.357431,0.310961,0.267165,0.226212,0.18826,0.153457,0.121938,0.093827,0.0692343,0.0482569,0.030978,0.0174662,0.00777591,0.00194596,2.99952e-32,
0,0.00207254,0.00828082,0.0185971,0.0329753,0.051352,0.0736461,0.09976,0.12958,0.162977,0.199807,0.239912,0.283121,0.32925,0.378105,0.42948,0.48316,0.538922,0.596533,0.655758,0.71635,0.778064,0.840646,0.903842,0.967396,1.03105,1.09455,1.15764,1.22007,1.28159,1.34196,1.40092,1.45826,1.51374,1.56715,1.61827,1.66691,1.71286,1.75596,1.79603,1.83292,1.86648,1.89659,1.92311,1.94596,1.96505,1.9803,1.99165,1.99906,2.00252,2.00199,1.9975,1.98907,1.97673,1.96053,1.94054,1.91685,1.88956,1.85877,1.82462,1.78724,1.74679,1.70343,1.65733,1.6087,1.55771,1.50458,1.44951,1.39274,1.33448,1.27497,1.21444,1.15313,1.09128,1.02914,0.96694,0.904929,0.843344,0.78242,0.722391,0.663483,0.60592,0.549916,0.495681,0.443415,0.393311,0.345552,0.300311,0.257753,0.218028,0.181279,0.147635,0.117215,0.0901236,0.0664556,0.0462918,0.029701,0.0167392,0.00744987,0.001864,2.99952e-32,
0,0.00211606,0.00845546,0.0189919,0.0336812,0.0524616,0.0752539,0.101961,0.13247,0.16665,0.204355,0.245422,0.289675,0.336923,0.386963,0.439577,0.49454,0.551612,0.610548,0.671094,0.732989,0.795966,0.859755,0.924084,0.988678,1.05326,1.11756,1.18131,1.24423,1.30608,1.36658,1.42549,1.48257,1.53759,1.59032,1.64056,1.68812,1.73279,1.77442,1.81284,1.84791,1.8795,1.90751,1.93183,1.95238,1.9691,1.98194,1.99087,1.99587,1.99694,1.99409,1.98735,1.97677,1.96241,1.94433,1.92263,1.8974,1.86875,1.83681,1.80171,1.76359,1.72261,1.67894,1.63273,1.58418,1.53347,1.48079,1.42635,1.37035,1.31299,1.2545,1.19509,1.13498,1.07439,1.01354,0.952661,0.891971,0.831691,0.772044,0.713245,0.655512,0.599054,0.544079,0.490788,0.439378,0.390037,0.342948,0.298286,0.256216,0.216897,0.180475,0.147087,0.11686,0.0899086,0.0663361,0.0462328,0.0296765,0.0167316,0.00744856,0.00186399,2.99952e-32,
0,0.00176334,0.0070472,0.0158332,0.0280911,0.0437788,0.0628426,0.0852179,0.110829,0.139589,0.171401,0.206159,0.243745,0.284033,0.326888,0.372166,0.419713,0.46937,0.520968,0.574331,0.629278,0.68562,0.743162,0.801706,0.861047,0.920977,0.981284,1.04175,1.10217,1.16231,1.22196,1.2809,1.3389,1.39576,1.45125,1.50516,1.55729,1.60742,1.65536,1.70093,1.74392,1.78416,1.82149,1.85574,1.88676,1.91442,1.93859,1.95915,1.976,1.98906,1.99825,2.00352,2.00481,2.0021,1.99539,1.98466,1.96996,1.95131,1.92877,1.9024,1.87231,1.83859,1.80137,1.76078,1.71698,1.67014,1.62043,1.56806,1.51323,1.45617,1.39712,1.33631,1.27401,1.21048,1.14598,1.08079,1.0152,0.949489,0.883943,0.818849,0.754494,0.691163,0.629135,0.568687,0.510088,0.453599,0.399473,0.347952,0.299265,0.253632,0.211256,0.172326,0.137016,0.105483,0.0778682,0.0542929,0.0348615,0.0196594,0.00875333,0.0021907,2.99952e-32,
0,0.00193991,0.00775281,0.0174181,0.0309013,0.0481538,0.0691132,0.0937029,0.121833,0.153398,0.188282,0.226352,0.267467,0.311469,0.358191,0.407452,0.459064,0.512826,0.568529,0.625955,0.684879,0.745068,0.806285,0.868288,0.930831,0.993663,1.05654,1.1192,1.1814,1.24289,1.30343,1.36276,1.42066,1.4769,1.53124,1.58347,1.63338,1.68078,1.72547,1.76728,1.80605,1.84161,1.87383,1.90259,1.92777,1.94927,1.96702,1.98094,1.99099,1.99712,1.99932,1.99758,1.9919,1.98232,1.96888,1.95163,1.93064,1.90599,1.87779,1.84615,1.81119,1.77305,1.73188,1.68784,1.6411,1.59185,1.54028,1.48659,1.43098,1.37367,1.31489,1.25487,1.19383,1.13201,1.06965,1.007,0.9443,0.881793,0.819725,0.75834,0.697879,0.638581,0.580681,0.52441,0.469991,0.417645,0.367581,0.320003,0.275105,0.23307,0.194072,0.158273,0.125822,0.0968542,0.0714933,0.0498465,0.0320063,0.0180496,0.00803674,0.0020114,2.99952e-32,
0,0.00204253,0.00816101,0.0183283,0.0324994,0.0506122,0.0725878,0.0983309,0.127731,0.160661,0.196982,0.23654,0.279169,0.324689,0.372912,0.423637,0.476656,0.531751,0.588697,0.647262,0.70721,0.768298,0.83028,0.89291,0.955937,1.01911,1.08218,1.14489,1.20701,1.26828,1.32846,1.38732,1.44462,1.50015,1.55369,1.60502,1.65395,1.70028,1.74383,1.78444,1.82195,1.8562,1.88707,1.91443,1.93817,1.95821,1.97446,1.98687,1.99537,1.99994,2.00056,1.99723,1.98996,1.97878,1.96373,1.94487,1.92229,1.89606,1.8663,1.83312,1.79666,1.75706,1.71448,1.66909,1.62107,1.57062,1.51794,1.46324,1.40673,1.34865,1.28922,1.22869,1.16729,1.10526,1.04285,0.980312,0.917887,0.855819,0.794353,0.733727,0.674176,0.61593,0.559213,0.504243,0.451228,0.400369,0.351858,0.305877,0.262597,0.222178,0.184769,0.150506,0.119514,0.0919054,0.067778,0.047218,0.0302979,0.0170767,0.00760045,0.00190172,2.99952e-32,
0,0.00216605,0.00865495,0.0194389,0.0344714,0.0536874,0.0770033,0.104317,0.13551,0.170443,0.208965,0.250904,0.296075,0.344279,0.395303,0.44892,0.504895,0.562979,0.622917,0.684445,0.747292,0.811184,0.875841,0.940981,1.00632,1.07159,1.13649,1.20075,1.2641,1.32627,1.38701,1.44605,1.50315,1.55808,1.61063,1.66056,1.7077,1.75184,1.79284,1.83051,1.86474,1.89539,1.92235,1.94553,1.96487,1.98028,1.99175,1.99923,2.00272,2.00222,1.99777,1.98939,1.97714,1.9611,1.94133,1.91794,1.89104,1.86074,1.82719,1.79053,1.75091,1.7085,1.66347,1.61601,1.56631,1.51455,1.46095,1.4057,1.34904,1.29115,1.23227,1.17262,1.11241,1.05187,0.991215,0.930667,0.870443,0.81076,0.75183,0.693862,0.637061,0.581627,0.527752,0.475626,0.42543,0.377337,0.331516,0.288124,0.247311,0.209218,0.173978,0.141712,0.112532,0.0865398,0.0638251,0.0444678,0.0285356,0.0160849,0.00715954,0.0017915,2.99952e-32,
0,0.00181934,0.00727032,0.0163319,0.0289695,0.045135,0.0647675,0.0877933,0.114127,0.14367,0.176315,0.211941,0.250419,0.291609,0.335363,0.381523,0.429923,0.480391,0.532747,0.586804,0.64237,0.699248,0.757237,0.816129,0.875717,0.935787,0.996127,1.05652,1.11675,1.1766,1.23585,1.29429,1.3517,1.40787,1.4626,1.51568,1.5669,1.61607,1.663,1.70752,1.74943,1.78858,1.8248,1.85794,1.88786,1.91443,1.93753,1.95705,1.97289,1.98498,1.99325,1.99764,1.99811,1.99463,1.9872,1.97583,1.96053,1.94135,1.91834,1.89157,1.86113,1.82712,1.78968,1.74892,1.70501,1.65812,1.60842,1.55611,1.50139,1.4445,1.38565,1.3251,1.2631,1.1999,1.13577,1.07099,1.00583,0.940582,0.875518,0.810926,0.747087,0.684283,0.622789,0.562878,0.504814,0.448855,0.395249,0.344234,0.296037,0.250871,0.208937,0.170419,0.13549,0.104301,0.0769905,0.053678,0.0344651,0.0194352,0.00865327,0.00216562,2.99952e-32,
0,0.00188906,0.00754999,0.0169639,0.0300992,0.0469114,0.067343,0.0913235,0.11877,0.149585,0.183661,0.220877,0.261098,0.304179,0.349964,0.398284,0.44896,0.501805,0.55662,0.613198,0.671325,0.73078,0.791333,0.852751,0.914797,0.977229,1.0398,1.10227,1.16439,1.22591,1.28659,1.34618,1.40446,1.46118,1.51612,1.56906,1.61978,1.66808,1.71377,1.75665,1.79657,1.83334,1.86683,1.8969,1.92343,1.94631,1.96544,1.98075,1.99217,1.99966,2.00318,2.00273,1.9983,1.98991,1.97758,1.96138,1.94136,1.91761,1.89021,1.85928,1.82494,1.78733,1.74659,1.70288,1.65638,1.60728,1.55576,1.50204,1.44631,1.38881,1.32976,1.2694,1.20795,1.14567,1.0828,1.01959,0.956284,0.893141,0.83041,0.768341,0.707181,0.647175,0.588564,0.531585,0.476468,0.423437,0.372708,0.324489,0.278978,0.236365,0.196825,0.160525,0.127617,0.0982392,0.0725175,0.0505617,0.0324662,0.0183092,0.00815241,0.00204036,2.99952e-32,
0,0.00198848,0.00794545,0.0178457,0.0316476,0.0492936,0.0707102,0.0958091,0.124487,0.156627,0.192099,0.230758,0.272449,0.317004,0.364246,0.413987,0.466027,0.520163,0.576178,0.633854,0.692962,0.75327,0.814541,0.876536,0.939012,1.00172,1.06443,1.12687,1.18882,1.25003,1.31026,1.36927,1.42683,1.48272,1.53672,1.58862,1.6382,1.68529,1.72968,1.77121,1.80971,1.84502,1.87702,1.90556,1.93054,1.95185,1.96942,1.98316,1.99302,1.99896,2.00095,1.99899,1.99308,1.98323,1.9695,1.95193,1.93058,1.90555,1.87692,1.84482,1.80937,1.77071,1.72899,1.68438,1.63705,1.5872,1.53501,1.48071,1.42451,1.36662,1.30729,1.24675,1.18523,1.12299,1.06028,0.997337,0.93442,0.871778,0.809659,0.748309,0.687973,0.628888,0.571288,0.5154,0.461442,0.409628,0.360158,0.313226,0.269013,0.227691,0.189419,0.154342,0.122595,0.0942985,0.0695582,0.0484673,0.0311042,0.0175333,0.00780433,0.00195284,2.99952e-32,
0,0.00221204,0.00883845,0.01985,0.0351979,0.0548136,0.0786095,0.106478,0.138295,0.173915,0.213177,0.255904,0.3019,0.350957,0.402851,0.457347,0.514197,0.573144,0.63392,0.696251,0.759856,0.82445,0.889743,0.955447,1.02127,1.08692,1.15211,1.21656,1.27999,1.34212,1.4027,1.46148,1.51819,1.57263,1.62455,1.67376,1.72006,1.76328,1.80325,1.83982,1.87286,1.90227,1.92793,1.94977,1.96773,1.98176,1.99183,1.99792,2.00004,1.99821,1.99246,1.98284,1.96941,1.95225,1.93146,1.90713,1.87938,1.84834,1.81414,1.77694,1.73689,1.69415,1.64891,1.60133,1.5516,1.49992,1.44649,1.3915,1.33516,1.27768,1.21927,1.16014,1.1005,1.04056,0.980538,0.920646,0.861094,0.802089,0.743837,0.68654,0.630398,0.575604,0.522348,0.470814,0.421181,0.373619,0.328294,0.285363,0.244975,0.20727,0.17238,0.140427,0.111525,0.0857739,0.0632663,0.044082,0.02829,0.0159473,0.00709858,0.00177629,2.99952e-32,
0,0.00185271,0.00740366,0.0166315,0.029501,0.0459631,0.0659559,0.0894041,0.11622,0.146305,0.179546,0.215822,0.254999,0.296933,0.341473,0.388455,0.437709,0.489056,0.54231,0.597278,0.653761,0.711554,0.770448,0.830228,0.890677,0.951575,1.0127,1.07382,1.13472,1.19517,1.25495,1.31383,1.37159,1.42801,1.48288,1.53598,1.58712,1.63608,1.68269,1.72674,1.76807,1.8065,1.84188,1.87406,1.9029,1.92827,1.95007,1.96818,1.98252,1.99303,1.99963,2.0023,2.00099,1.99571,1.98644,1.97323,1.95609,1.93508,1.91028,1.88177,1.84965,1.81404,1.77508,1.73291,1.6877,1.63962,1.58887,1.53565,1.48017,1.42267,1.36337,1.30252,1.24038,1.1772,1.11325,1.04879,0.984107,0.919462,0.855132,0.79139,0.728508,0.666751,0.606384,0.547662,0.490835,0.436146,0.383825,0.334094,0.287163,0.243231,0.202482,0.165086,0.131201,0.100966,0.0745075,0.0519343,0.0333389,0.0187972,0.00836826,0.00209415,2.99952e-32,
0,0.0018726,0.00748417,0.0168159,0.0298364,0.0465012,0.0667533,0.0905225,0.117726,0.148268,0.182042,0.218925,0.258787,0.301483,0.346858,0.394747,0.444972,0.497348,0.55168,0.607766,0.665393,0.724345,0.784397,0.845321,0.906884,0.968849,1.03098,1.09303,1.15476,1.21594,1.27632,1.33566,1.39374,1.45032,1.50519,1.55811,1.6089,1.65733,1.70323,1.74639,1.78666,1.82387,1.85786,1.88851,1.91568,1.93926,1.95916,1.97529,1.98758,1.99598,2.00045,2.00097,1.99753,1.99015,1.97884,1.96364,1.94461,1.92183,1.89537,1.86534,1.83185,1.79504,1.75504,1.71201,1.66611,1.61754,1.56647,1.51311,1.45768,1.40038,1.34144,1.28111,1.21962,1.15722,1.09415,1.03067,0.967031,0.903497,0.840322,0.77776,0.716068,0.655496,0.596294,0.538704,0.482965,0.429306,0.377953,0.329118,0.283009,0.239819,0.199731,0.162916,0.129533,0.0997247,0.0736207,0.0513348,0.0329646,0.0185911,0.00827824,0.0020719,2.99952e-32,
0,0.0019425,0.00776188,0.017434,0.030919,0.0481616,0.0690915,0.093624,0.12166,0.153088,0.187782,0.225605,0.266407,0.310028,0.356298,0.405036,0.456053,0.509151,0.564127,0.620767,0.678856,0.73817,0.798483,0.859565,0.921184,0.983103,1.04509,1.1069,1.16831,1.22908,1.28898,1.34778,1.40525,1.46118,1.51535,1.56754,1.61756,1.66521,1.71031,1.75268,1.79215,1.82856,1.86177,1.89164,1.91804,1.94088,1.96006,1.97548,1.98709,1.99483,1.99866,1.99856,1.99452,1.98654,1.97465,1.95889,1.93931,1.91598,1.88899,1.85844,1.82444,1.78712,1.74662,1.70311,1.65675,1.60772,1.55623,1.50246,1.44665,1.389,1.32977,1.26917,1.20747,1.14491,1.08174,1.01823,0.954626,0.891199,0.828205,0.765901,0.704542,0.64438,0.585659,0.528621,0.473495,0.420508,0.369874,0.321797,0.276471,0.234079,0.19479,0.158762,0.126136,0.0970425,0.0715956,0.0498947,0.0320244,0.0180538,0.00803662,0.00201105,2.99952e-32,
0,0.00220934,0.00882783,0.0198267,0.035158,0.0547545,0.0785297,0.106378,0.138177,0.173783,0.213039,0.255767,0.301776,0.35086,0.402797,0.457353,0.514283,0.57333,0.634229,0.696706,0.760482,0.82527,0.890782,0.956727,1.02281,1.08875,1.15424,1.21901,1.28277,1.34524,1.40617,1.46529,1.52236,1.57713,1.62938,1.6789,1.72549,1.76896,1.80916,1.84592,1.87912,1.90863,1.93435,1.9562,1.97412,1.98805,1.99796,2.00385,2.0057,2.00355,1.99743,1.98739,1.9735,1.95584,1.9345,1.90959,1.88124,1.84957,1.81474,1.77689,1.73619,1.6928,1.64692,1.59872,1.54841,1.49616,1.4422,1.38672,1.32994,1.27207,1.21331,1.15389,1.09402,1.03391,0.973787,0.913848,0.854308,0.795374,0.737249,0.680134,0.624221,0.569703,0.516762,0.465579,0.416325,0.369165,0.324258,0.281754,0.241795,0.204515,0.17004,0.138484,0.109955,0.0845486,0.0623507,0.0434371,0.0278725,0.0157103,0.00699257,0.00174968,2.99952e-32,
0,0.00192935,0.00770941,0.0173163,0.0307107,0.0478379,0.0686285,0.0929987,0.120851,0.152074,0.186544,0.224125,0.264668,0.308016,0.354,0.402439,0.453149,0.505931,0.560585,0.616899,0.674659,0.733645,0.793631,0.854391,0.915693,0.977305,1.03899,1.10053,1.16167,1.22219,1.28187,1.34046,1.39776,1.45355,1.5076,1.55972,1.60971,1.65736,1.70251,1.74496,1.78456,1.82116,1.85459,1.88474,1.91148,1.93469,1.95428,1.97018,1.9823,1.99059,1.99501,1.99553,1.99215,1.98486,1.97368,1.95865,1.93981,1.91723,1.89099,1.86119,1.82792,1.79132,1.75152,1.70867,1.66294,1.6145,1.56355,1.51028,1.4549,1.39763,1.3387,1.27836,1.21683,1.15438,1.09125,1.02771,0.964005,0.90041,0.837183,0.774586,0.712877,0.652312,0.593143,0.535616,0.47997,0.426437,0.375239,0.326589,0.280689,0.237731,0.197891,0.161336,0.128215,0.0986648,0.0728074,0.0507482,0.0325769,0.0183674,0.00817687,0.00204625,2.99952e-32,
0,0.00185474,0.00741297,0.0166565,0.029555,0.0460657,0.0661333,0.0896903,0.116657,0.14694,0.180436,0.217027,0.256587,0.298974,0.344039,0.39162,0.441545,0.493632,0.547692,0.603525,0.660924,0.719676,0.77956,0.840351,0.901817,0.963725,1.02584,1.08792,1.14972,1.21101,1.27154,1.33108,1.3894,1.44626,1.50144,1.55471,1.60586,1.6547,1.70101,1.74462,1.78533,1.823,1.85746,1.88856,1.91619,1.94022,1.96055,1.9771,1.98978,1.99856,2.00337,2.00421,2.00106,1.99392,1.98282,1.96781,1.94893,1.92625,1.89987,1.86988,1.8364,1.79957,1.75951,1.7164,1.67041,1.62171,1.57049,1.51697,1.46136,1.40387,1.34473,1.28419,1.22249,1.15987,1.09659,1.0329,0.969062,0.90533,0.841963,0.77922,0.717356,0.656624,0.597273,0.539546,0.483682,0.429911,0.378457,0.329534,0.283347,0.240089,0.199943,0.16308,0.129656,0.0998146,0.0736838,0.0513767,0.0329904,0.0186052,0.00828434,0.0020734,2.99952e-32,
0,0.00188489,0.00753208,0.0169193,0.0300097,0.0467521,0.0670817,0.09092,0.118175,0.148744,0.182509,0.219344,0.259108,0.301653,0.34682,0.394439,0.444334,0.496319,0.550202,0.605783,0.662856,0.721211,0.780632,0.8409,0.901791,0.96308,1.02454,1.08594,1.14706,1.20766,1.26751,1.3264,1.38409,1.44038,1.49503,1.54785,1.59862,1.64715,1.69324,1.73672,1.77741,1.81513,1.84975,1.88111,1.90908,1.93353,1.95438,1.9715,1.98484,1.99432,1.99989,2.00151,1.99917,1.99286,1.98259,1.96839,1.9503,1.92839,1.90273,1.8734,1.84053,1.80423,1.76464,1.72191,1.67622,1.62773,1.57665,1.52318,1.46753,1.40993,1.35062,1.28983,1.22782,1.16485,1.10117,1.03705,0.972761,0.908565,0.844733,0.781531,0.719225,0.658075,0.598337,0.540261,0.48409,0.430058,0.37839,0.329301,0.282994,0.239661,0.199481,0.162618,0.129224,0.0994351,0.0733714,0.0511386,0.0328262,0.0185073,0.00823895,0.00206175,2.99952e-32,
0,0.00221351,0.00884418,0.0198624,0.0352187,0.0548439,0.0786493,0.106527,0.13835,0.173974,0.213236,0.255958,0.301943,0.350982,0.402852,0.457316,0.514127,0.573025,0.633746,0.696014,0.759549,0.824067,0.88928,0.954898,1.02063,1.08619,1.1513,1.21566,1.279,1.34106,1.40157,1.46028,1.51695,1.57134,1.62323,1.67243,1.71873,1.76196,1.80196,1.83857,1.87168,1.90115,1.9269,1.94884,1.96691,1.98106,1.99126,1.99748,1.99974,1.99805,1.99245,1.98297,1.96968,1.95266,1.932,1.90779,1.88015,1.84922,1.81512,1.77799,1.73801,1.69533,1.65012,1.60257,1.55286,1.50118,1.44773,1.39272,1.33635,1.27882,1.22035,1.16116,1.10145,1.04144,0.981348,0.92138,0.861751,0.80267,0.744343,0.686976,0.630766,0.575909,0.522596,0.47101,0.421331,0.37373,0.328371,0.285413,0.245002,0.207281,0.172379,0.140419,0.111512,0.0857598,0.0632529,0.0440709,0.0282819,0.0159422,0.00709618,0.00177566,2.99952e-32,
0,0.00197485,0.00789124,0.0177248,0.0314352,0.0489666,0.0702477,0.0951926,0.123701,0.155658,0.190937,0.229397,0.270885,0.315237,0.362278,0.411822,0.463674,0.51763,0.573479,0.631002,0.689972,0.750161,0.811331,0.873243,0.935656,0.998324,1.061,1.12345,1.18542,1.24666,1.30695,1.36603,1.42369,1.47969,1.53382,1.58585,1.63559,1.68284,1.72742,1.76914,1.80784,1.84336,1.87558,1.90434,1.92955,1.9511,1.9689,1.98287,1.99297,1.99915,2.00137,1.99964,1.99395,1.98433,1.97081,1.95344,1.93229,1.90744,1.879,1.84706,1.81176,1.77323,1.73164,1.68714,1.63991,1.59014,1.53802,1.48377,1.42761,1.36975,1.31042,1.24987,1.18833,1.12606,1.06329,1.00029,0.937295,0.874562,0.81234,0.750877,0.690415,0.631196,0.573453,0.517415,0.463301,0.411326,0.361693,0.314596,0.27022,0.228737,0.190308,0.155081,0.123193,0.0947662,0.0699084,0.0487145,0.0312646,0.0176245,0.0078452,0.00196311,2.99952e-32,
0,0.00186806,0.00746604,0.0167753,0.0297644,0.0463895,0.066594,0.0903083,0.117451,0.147926,0.181629,0.218438,0.258225,0.300845,0.346146,0.393963,0.444122,0.496438,0.550717,0.606758,0.664351,0.723279,0.783319,0.844243,0.905818,0.967807,1.02997,1.09207,1.15386,1.2151,1.27555,1.33497,1.39313,1.44981,1.50476,1.55778,1.60865,1.65717,1.70314,1.74639,1.78673,1.824,1.85806,1.88876,1.91597,1.9396,1.95953,1.97568,1.98799,1.99641,2.00089,2.00142,1.99798,1.9906,1.97928,1.96408,1.94505,1.92226,1.8958,1.86577,1.83228,1.79547,1.75547,1.71245,1.66657,1.61801,1.56696,1.51361,1.45819,1.40091,1.342,1.28168,1.2202,1.15781,1.09475,1.03127,0.967636,0.904096,0.840909,0.778332,0.716618,0.656021,0.596789,0.539165,0.483389,0.429693,0.378299,0.329425,0.283276,0.240046,0.199921,0.163072,0.129656,0.0998192,0.0736901,0.0513828,0.0329951,0.0186082,0.00828579,0.00207378,2.99952e-32,
0,0.00184388,0.00736849,0.0165528,0.0293619,0.0457477,0.0656487,0.0889905,0.115687,0.145638,0.178734,0.214854,0.253865,0.295625,0.339982,0.386775,0.435834,0.486982,0.540034,0.594798,0.651076,0.708665,0.767357,0.82694,0.887196,0.947907,1.00885,1.06981,1.13055,1.19085,1.2505,1.30926,1.36691,1.42325,1.47805,1.53111,1.58222,1.63119,1.67781,1.72192,1.76332,1.80185,1.83736,1.86969,1.89872,1.9243,1.94633,1.96471,1.97936,1.99018,1.99714,2.00017,1.99926,1.99439,1.98556,1.97279,1.95611,1.93558,1.91125,1.88321,1.85157,1.81643,1.77793,1.7362,1.69141,1.64374,1.59337,1.54049,1.48533,1.4281,1.36904,1.30838,1.24639,1.18331,1.11941,1.05497,0.99024,0.925508,0.861047,0.797131,0.734034,0.672026,0.611374,0.552338,0.495174,0.440128,0.387436,0.337326,0.290015,0.245705,0.204586,0.166837,0.132617,0.102073,0.0753361,0.0525187,0.0337178,0.0190125,0.00846466,0.00211836,2.99952e-32,
0,0.00216148,0.00863658,0.0193973,0.0343968,0.0535697,0.0768322,0.104082,0.1352,0.170049,0.208475,0.250308,0.295365,0.343446,0.394339,0.44782,0.503653,0.561593,0.621385,0.682767,0.745471,0.809223,0.873746,0.938762,1.00399,1.06915,1.13396,1.19815,1.26144,1.32357,1.38428,1.44332,1.50044,1.55542,1.60802,1.65804,1.70528,1.74956,1.79069,1.82854,1.86295,1.89379,1.92097,1.94438,1.96395,1.97961,1.99133,1.99907,2.00281,2.00257,1.99837,1.99024,1.97823,1.9624,1.94285,1.91966,1.89294,1.86281,1.82941,1.79287,1.75336,1.71103,1.66607,1.61865,1.56897,1.51721,1.46359,1.40831,1.35159,1.29364,1.23468,1.17493,1.11462,1.05396,0.993179,0.932503,0.872147,0.81233,0.753265,0.695164,0.638231,0.582669,0.528673,0.47643,0.426125,0.377931,0.332017,0.28854,0.247652,0.209493,0.174195,0.141879,0.112658,0.0866309,0.0638887,0.0445098,0.0285613,0.0160987,0.0071655,0.00179296,2.99952e-32,
0,0.00205665,0.00821742,0.0184549,0.0327239,0.0509615,0.0730878,0.0990062,0.128604,0.161754,0.198313,0.238124,0.281018,0.326813,0.375316,0.426322,0.479619,0.534984,0.592189,0.650997,0.711167,0.772453,0.834606,0.897373,0.960502,1.02374,1.08683,1.14953,1.21158,1.27274,1.33277,1.39143,1.4485,1.50375,1.55697,1.60795,1.65649,1.70241,1.74552,1.78568,1.82271,1.85648,1.88686,1.91374,1.93701,1.95658,1.97238,1.98436,1.99246,1.99666,1.99694,1.9933,1.98576,1.97436,1.95913,1.94013,1.91745,1.89117,1.8614,1.82825,1.79186,1.75237,1.70994,1.66473,1.61693,1.56671,1.51429,1.45986,1.40365,1.34587,1.28675,1.22652,1.16543,1.1037,1.04158,0.979322,0.917156,0.85533,0.794082,0.733651,0.67427,0.616168,0.559569,0.50469,0.451741,0.400924,0.352433,0.30645,0.26315,0.222696,0.185239,0.15092,0.119866,0.092192,0.0680002,0.0473794,0.030405,0.0171387,0.00762858,0.00190885,2.99952e-32,
0,0.00189141,0.00755913,0.0169835,0.0301318,0.0469578,0.0674024,0.0913932,0.118845,0.149659,0.183725,0.22092,0.261107,0.304141,0.349864,0.398106,0.448688,0.501423,0.556112,0.612549,0.670521,0.729809,0.790185,0.851419,0.913276,0.975516,1.0379,1.10018,1.16212,1.22347,1.28399,1.34345,1.40161,1.45824,1.5131,1.56599,1.6167,1.66501,1.71074,1.75369,1.7937,1.83061,1.86425,1.89451,1.92124,1.94435,1.96373,1.97931,1.99102,1.99881,2.00264,2.0025,1.99838,1.9903,1.97829,1.96238,1.94265,1.91917,1.89203,1.86133,1.8272,1.78977,1.74919,1.70561,1.65922,1.61019,1.55872,1.50501,1.44928,1.39174,1.33263,1.27218,1.21062,1.14822,1.0852,1.02184,0.958374,0.895062,0.832158,0.769915,0.708583,0.64841,0.589639,0.532508,0.477249,0.424088,0.373242,0.324919,0.279317,0.236626,0.197021,0.160668,0.127717,0.098307,0.0725611,0.050588,0.0324807,0.0183163,0.00815522,0.00204101,2.99952e-32,
0,0.001799,0.00718966,0.0161531,0.0286579,0.0446605,0.0641054,0.086925,0.113041,0.142362,0.174787,0.210205,0.248493,0.28952,0.333143,0.379211,0.427564,0.478035,0.530448,0.584618,0.640356,0.697466,0.755745,0.814985,0.874975,0.935499,0.996337,1.05727,1.11807,1.17852,1.23838,1.29744,1.35548,1.41226,1.46758,1.52121,1.57296,1.62261,1.66996,1.71484,1.75704,1.7964,1.83276,1.86595,1.89585,1.92231,1.94521,1.96446,1.97995,1.99162,1.9994,2.00323,2.00309,1.99897,1.99085,1.97876,1.96273,1.9428,1.91904,1.89153,1.86037,1.82567,1.78756,1.74619,1.7017,1.65427,1.60409,1.55136,1.49629,1.4391,1.38003,1.31931,1.2572,1.19395,1.12984,1.06512,1.00009,0.935,0.870144,0.805797,0.742235,0.679735,0.618565,0.558994,0.501279,0.445673,0.392418,0.341749,0.293886,0.249041,0.207408,0.16917,0.134496,0.103537,0.0764273,0.0532861,0.0342141,0.019294,0.00859051,0.00214994,2.99952e-32,
0,0.00211261,0.0084415,0.0189598,0.0336227,0.0523677,0.0751144,0.101765,0.132206,0.166306,0.203917,0.244878,0.289011,0.336127,0.386022,0.438481,0.493277,0.550173,0.608927,0.669284,0.730986,0.793769,0.857365,0.921504,0.985913,1.05032,1.11446,1.17805,1.24084,1.30256,1.36297,1.4218,1.47883,1.53383,1.58657,1.63684,1.68445,1.72921,1.77095,1.80952,1.84476,1.87655,1.90478,1.92935,1.95017,1.96718,1.98033,1.98958,1.99491,1.99632,1.99382,1.98743,1.9772,1.96318,1.94543,1.92406,1.89914,1.87079,1.83912,1.80428,1.7664,1.72563,1.68213,1.63609,1.58767,1.53706,1.48446,1.43006,1.37408,1.31672,1.2582,1.19873,1.13854,1.07785,1.01689,0.955869,0.895028,0.834585,0.774763,0.715783,0.657862,0.601214,0.546046,0.492564,0.440966,0.391443,0.344178,0.299348,0.257122,0.217656,0.181099,0.14759,0.117254,0.090208,0.066554,0.0463828,0.0297716,0.0167846,0.00747197,0.00186982,2.99952e-32,
0,0.00208554,0.00833307,0.0187154,0.0331875,0.0516869,0.0741337,0.100431,0.130467,0.164113,0.201224,0.241644,0.2852,0.331709,0.380972,0.432784,0.486925,0.543169,0.601281,0.661017,0.722128,0.784362,0.84746,0.91116,0.975201,1.03932,1.10325,1.16674,1.22951,1.29133,1.35193,1.41108,1.46853,1.52405,1.57742,1.62843,1.67688,1.72257,1.76532,1.80497,1.84136,1.87435,1.90381,1.92963,1.95172,1.97,1.98439,1.99485,2.00134,2.00385,2.00238,1.99693,1.98755,1.97427,1.95715,1.93628,1.91175,1.88366,1.85213,1.81729,1.77929,1.73828,1.69444,1.64794,1.59897,1.54773,1.49442,1.43926,1.38247,1.32426,1.26486,1.20451,1.14345,1.0819,1.0201,0.958299,0.896716,0.83559,0.77515,0.715621,0.657226,0.600181,0.544694,0.49097,0.439204,0.389585,0.34229,0.29749,0.255344,0.216004,0.179608,0.146285,0.116151,0.0893124,0.0658621,0.0458814,0.0294394,0.0165926,0.00738493,0.0018478,2.99952e-32,
