0,0.00197327,0.0078853,0.0177127,0.0314168,0.0489435,0.0702235,0.0951729,0.123693,0.155672,0.190983,0.229487,0.271031,0.315453,0.362576,0.412215,0.464173,0.518246,0.574221,0.631875,0.690983,0.75131,0.812619,0.874667,0.937209,1,1.06279,1.12533,1.18738,1.24869,1.30902,1.36812,1.42578,1.48175,1.53583,1.58779,1.63742,1.68455,1.72897,1.77051,1.80902,1.84433,1.87631,1.90483,1.92978,1.95106,1.96858,1.98229,1.99211,1.99803,2,1.99803,1.99211,1.98229,1.96858,1.95106,1.92978,1.90483,1.87631,1.84433,1.80902,1.77051,1.72897,1.68455,1.63742,1.58779,1.53583,1.48175,1.42578,1.36812,1.30902,1.24869,1.18738,1.12533,1.06279,1,0.937209,0.874667,0.812619,0.75131,0.690983,0.631875,0.574221,0.518246,0.464173,0.412215,0.362576,0.315453,0.271031,0.229487,0.190983,0.155672,0.123693,0.0951729,0.0702235,0.0489435,0.0314168,0.0177127,0.0078853,0.00197327,2.99952e-32,
0,0.00219599,0.00877521,0.0197112,0.0349594,0.0544572,0.0781238,0.10586,0.137549,0.173056,0.212229,0.254898,0.300877,0.349967,0.40195,0.456596,0.513663,0.572895,0.634027,0.696784,0.760882,0.826033,0.891941,0.958307,1.02483,1.09122,1.15716,1.22236,1.28654,1.3494,1.41067,1.47008,1.52737,1.5823,1.63463,1.68416,1.73067,1.77397,1.81391,1.85034,1.88311,1.91211,1.93726,1.95847,1.9757,1.98889,1.99804,2.00314,2.00421,2.00128,1.9944,1.98363,1.96906,1.95078,1.92889,1.90351,1.87477,1.84281,1.80778,1.76984,1.72914,1.68585,1.64017,1.59225,1.5423,1.49051,1.43705,1.38214,1.32597,1.26874,1.21065,1.1519,1.0927,1.03325,0.973752,0.914403,0.855406,0.79696,0.739261,0.682504,0.62688,0.572576,0.519778,0.468665,0.419412,0.37219,0.327162,0.284487,0.244314,0.206786,0.172039,0.140197,0.111377,0.085685,0.0632174,0.0440582,0.0282804,0.0159444,0.00709814,0.00177631,2.99952e-32,
0,0.00197091,0.00787537,0.0176887,0.0313703,0.0488639,0.0700979,0.0949861,0.123428,0.155309,0.190501,0.228865,0.270247,0.314484,0.361401,0.410814,0.462527,0.516338,0.572036,0.629402,0.688212,0.748235,0.809237,0.870978,0.933218,0.995712,1.05822,1.12049,1.18228,1.24335,1.30346,1.36238,1.41987,1.47571,1.52969,1.58158,1.6312,1.67834,1.72282,1.76447,1.80312,1.83862,1.87084,1.89965,1.92494,1.94659,1.96454,1.97871,1.98904,1.99548,1.99802,1.99663,1.99133,1.98213,1.96905,1.95216,1.93151,1.90718,1.87926,1.84786,1.81309,1.7751,1.73403,1.69003,1.64329,1.59397,1.54228,1.48841,1.43259,1.37502,1.31594,1.25559,1.19419,1.132,1.06927,1.00625,0.943178,0.880323,0.817934,0.75626,0.695551,0.63605,0.577998,0.521628,0.467167,0.414833,0.364836,0.317376,0.272642,0.230813,0.192053,0.156516,0.124342,0.0956545,0.0705665,0.0491745,0.0315605,0.0177915,0.00791959,0.00198172,2.99952e-32,
0,0.0017811,0.00711823,0.015993,0.0283747,0.0442211,0.0634777,0.0860789,0.111947,0.140995,0.173122,0.20822,0.246168,0.286838,0.330088,0.375772,0.423732,0.473803,0.525812,0.579578,0.634913,0.691626,0.749516,0.808378,0.868006,0.928185,0.988701,1.04934,1.10987,1.17008,1.22975,1.28866,1.34658,1.40331,1.45863,1.51232,1.56418,1.61402,1.66163,1.70682,1.74942,1.78924,1.82613,1.85993,1.89048,1.91767,1.94135,1.96142,1.97778,1.99034,1.99904,2.0038,2.0046,2.00139,1.99418,1.98297,1.96777,1.94863,1.9256,1.89876,1.8682,1.83402,1.79635,1.75533,1.71111,1.66388,1.61381,1.56111,1.50599,1.44868,1.38941,1.32844,1.26602,1.20242,1.13791,1.07277,1.00728,0.941713,0.876368,0.811526,0.74747,0.68448,0.622833,0.562799,0.504642,0.448616,0.394968,0.343932,0.295732,0.250578,0.208667,0.170181,0.135287,0.104137,0.0768647,0.0535877,0.0344059,0.0194013,0.00863804,0.00216179,2.99952e-32,
0,0.00196455,0.00785117,0.0176386,0.0312912,0.0487585,0.0699755,0.0948623,0.123325,0.155253,0.190526,0.229006,0.270544,0.314976,0.362129,0.411816,0.463841,0.517997,0.57407,0.631835,0.691062,0.751515,0.812951,0.875125,0.937789,1.00069,1.06358,1.12621,1.18832,1.24967,1.31002,1.36912,1.42674,1.48266,1.53665,1.5885,1.63801,1.68498,1.72922,1.77058,1.80887,1.84397,1.87572,1.904,1.92872,1.94976,1.96706,1.98055,1.99017,1.99589,1.99769,1.99556,1.98952,1.97959,1.96581,1.94824,1.92695,1.90202,1.87355,1.84166,1.80647,1.76811,1.72675,1.68254,1.63565,1.58628,1.53461,1.48084,1.42518,1.36785,1.30908,1.24909,1.18811,1.12639,1.06415,1.00165,0.939124,0.876817,0.814972,0.753829,0.693629,0.634607,0.576994,0.521019,0.466903,0.41486,0.365099,0.317818,0.273209,0.231452,0.192717,0.157163,0.124937,0.0961726,0.0709901,0.049496,0.0317816,0.0179231,0.00798055,0.00199736,2.99952e-32,
0,0.00213402,0.0085258,0.0191446,0.0339399,0.0528413,0.0757599,0.102588,0.133202,0.16746,0.205205,0.246267,0.29046,0.337589,0.387444,0.439807,0.494451,0.55114,0.609634,0.669683,0.731036,0.793437,0.856627,0.920348,0.984338,1.04834,1.11209,1.17534,1.23783,1.29931,1.35954,1.41829,1.47532,1.5304,1.58332,1.63388,1.68187,1.7271,1.76941,1.80862,1.84459,1.87717,1.90624,1.93168,1.9534,1.97131,1.98534,1.99545,2.0016,2.00376,2.00194,1.99614,1.98639,1.97274,1.95524,1.93398,1.90905,1.88054,1.84859,1.81332,1.77489,1.73345,1.68918,1.64226,1.59288,1.54124,1.48756,1.43204,1.37493,1.31643,1.25679,1.19624,1.13502,1.07337,1.01152,0.949717,0.888194,0.827185,0.766917,0.707617,0.649503,0.592787,0.537678,0.484372,0.43306,0.383924,0.337136,0.292859,0.251245,0.212435,0.176561,0.143743,0.114089,0.0876955,0.0646494,0.0450243,0.0288829,0.016276,0.00724303,0.00181214,2.99952e-32,
0,0.00204661,0.00817714,0.0183639,0.0325612,0.0507057,0.0727171,0.0984987,0.127938,0.160908,0.197266,0.236857,0.279515,0.325058,0.373297,0.424032,0.477054,0.532145,0.589082,0.647634,0.707565,0.768636,0.830603,0.893219,0.956238,1.01941,1.08249,1.14522,1.20737,1.26868,1.32892,1.38784,1.44523,1.50085,1.55448,1.60591,1.65495,1.70138,1.74504,1.78575,1.82333,1.85766,1.88857,1.91596,1.93972,1.95973,1.97594,1.98826,1.99666,2.0011,2.00155,1.99803,1.99055,1.97913,1.96383,1.94472,1.92187,1.89537,1.86535,1.83192,1.79522,1.75541,1.71264,1.6671,1.61896,1.56843,1.51569,1.46098,1.4045,1.34647,1.28714,1.22672,1.16546,1.1036,1.04138,0.979037,0.916813,0.854948,0.79368,0.733243,0.673869,0.615784,0.559209,0.50436,0.451443,0.40066,0.352203,0.306253,0.262984,0.222558,0.185127,0.15083,0.119796,0.0921384,0.0679609,0.0473521,0.0303874,0.0171288,0.00762413,0.00190773,2.99952e-32,
0,0.00185249,0.00740453,0.0166397,0.0295302,0.0460366,0.0661077,0.0896801,0.116678,0.147014,0.180588,0.217287,0.256987,0.29955,0.344827,0.392659,0.442874,0.495288,0.549711,0.605939,0.663761,0.722959,0.783305,0.844567,0.906507,0.96888,1.03144,1.09394,1.15614,1.21777,1.27859,1.33836,1.39683,1.45377,1.50894,1.56212,1.61308,1.66163,1.70756,1.75068,1.79083,1.82783,1.86153,1.89182,1.91855,1.94163,1.96096,1.97648,1.98811,1.99583,1.99961,1.99942,1.99529,1.98723,1.97528,1.9595,1.93994,1.91669,1.88986,1.85953,1.82585,1.78893,1.74893,1.70601,1.66032,1.61205,1.56137,1.50849,1.4536,1.39692,1.33865,1.27902,1.21825,1.15657,1.09422,1.03144,0.968469,0.905547,0.842922,0.78084,0.719547,0.659288,0.600308,0.542848,0.487148,0.43344,0.381955,0.332914,0.286533,0.243018,0.202565,0.165358,0.131571,0.101361,0.0748738,0.0522358,0.0335579,0.0189324,0.00843236,0.0021108,2.99952e-32,
0,0.00183198,0.00732156,0.0164497,0.0291849,0.045483,0.0652878,0.0885307,0.115131,0.144998,0.178026,0.214102,0.253099,0.294881,0.339302,0.386204,0.435423,0.486782,0.540099,0.595182,0.651832,0.709844,0.769006,0.8291,0.889904,0.951193,1.01274,1.07431,1.13567,1.19658,1.25682,1.31615,1.37434,1.43117,1.4864,1.53983,1.59124,1.64042,1.68717,1.73131,1.77266,1.81104,1.8463,1.87829,1.90687,1.93193,1.95335,1.97105,1.98494,1.99496,2.00106,2.0032,2.00138,1.99558,1.98582,1.97213,1.95455,1.93315,1.908,1.87919,1.84682,1.81102,1.77193,1.72968,1.68445,1.63641,1.58574,1.53265,1.47734,1.42004,1.36097,1.30038,1.23851,1.17561,1.11194,1.04777,0.983351,0.918966,0.854879,0.791359,0.728674,0.667088,0.606863,0.548254,0.49151,0.436875,0.38458,0.334849,0.287896,0.24392,0.20311,0.165642,0.131675,0.101354,0.0748092,0.0521542,0.0334854,0.0188823,0.00840697,0.00210397,2.99952e-32,
0,0.0020762,0.00829507,0.0186277,0.0330263,0.051425,0.0737402,0.0998713,0.129701,0.163098,0.199913,0.239987,0.283144,0.329197,0.37795,0.429194,0.482711,0.538277,0.595658,0.654615,0.714906,0.776282,0.838493,0.901285,0.964406,1.0276,1.09062,1.15321,1.21513,1.27614,1.33598,1.39445,1.4513,1.50631,1.55929,1.61002,1.65832,1.704,1.74688,1.78682,1.82365,1.85723,1.88746,1.9142,1.93736,1.95685,1.9726,1.98455,1.99265,1.99686,1.99718,1.9936,1.98613,1.97479,1.95963,1.9407,1.91807,1.89182,1.86206,1.82889,1.79244,1.75286,1.71029,1.6649,1.61687,1.5664,1.51367,1.45891,1.40232,1.34415,1.28462,1.22397,1.16245,1.1003,1.03779,0.975162,0.912666,0.850553,0.789073,0.728469,0.668979,0.610837,0.554268,0.499488,0.446706,0.396119,0.347916,0.302272,0.259353,0.219312,0.182288,0.148411,0.117796,0.0905452,0.0667493,0.0464858,0.0298196,0.0168034,0.00747755,0.00187078,2.99952e-32,
0,0.00216426,0.0086483,0.0194258,0.0344524,0.0536659,0.0769859,0.104314,0.135535,0.170513,0.2091,0.251126,0.296409,0.34475,0.395935,0.449738,0.50592,0.564231,0.62441,0.68619,0.749294,0.813441,0.878345,0.94372,1.00927,1.07472,1.13978,1.20415,1.26758,1.32977,1.39048,1.44944,1.50642,1.56117,1.61349,1.66315,1.70998,1.75378,1.79439,1.83168,1.86549,1.89573,1.92228,1.94506,1.96401,1.97907,1.9902,1.99739,2.00064,1.99994,1.99533,1.98684,1.97454,1.95847,1.93873,1.91541,1.88861,1.85845,1.82505,1.78856,1.74912,1.7069,1.66206,1.61477,1.56522,1.51361,1.46014,1.405,1.34841,1.29058,1.23173,1.17208,1.11186,1.05129,0.990588,0.929984,0.8697,0.809954,0.750964,0.692942,0.636097,0.580629,0.526737,0.474608,0.424426,0.376364,0.330588,0.287256,0.246515,0.208505,0.173353,0.141179,0.112092,0.0861896,0.0635595,0.0442785,0.028412,0.0160142,0.00712783,0.00178353,2.99952e-32,
0,0.00188037,0.00751484,0.0168835,0.0299533,0.0466776,0.066997,0.0908385,0.118117,0.148733,0.182576,0.219523,0.259438,0.302175,0.347576,0.395472,0.445685,0.498026,0.5523,0.608302,0.665819,0.724634,0.784524,0.845259,0.906609,0.968338,1.03021,1.09199,1.15343,1.21431,1.27439,1.33343,1.39121,1.44751,1.50211,1.5548,1.60537,1.65362,1.69938,1.74246,1.78268,1.8199,1.85396,1.88472,1.91207,1.93588,1.95606,1.97252,1.9852,1.99402,1.99895,1.99995,1.99702,1.99015,1.97935,1.96467,1.94614,1.92384,1.89782,1.8682,1.83507,1.79857,1.75882,1.71599,1.67022,1.62172,1.57066,1.51724,1.46169,1.40422,1.34507,1.28448,1.2227,1.15997,1.09656,1.03273,0.968734,0.904847,0.84133,0.778446,0.716455,0.655614,0.596176,0.538387,0.482487,0.428707,0.377271,0.32839,0.282268,0.239096,0.199053,0.162304,0.129001,0.0992835,0.0732736,0.0510795,0.0327934,0.0184913,0.00823266,0.00206032,2.99952e-32,
0,0.00178236,0.00712241,0.0159993,0.0283789,0.0442138,0.0634445,0.0859991,0.111794,0.140736,0.17272,0.207631,0.245345,0.285729,0.328642,0.373936,0.421453,0.47103,0.522498,0.575681,0.630397,0.686461,0.743682,0.801865,0.86081,0.920316,0.980178,1.04019,1.10013,1.15981,1.219,1.27749,1.33508,1.39154,1.44668,1.50028,1.55213,1.60205,1.64982,1.69527,1.73821,1.77845,1.81583,1.85019,1.88138,1.90925,1.93368,1.95454,1.97173,1.98517,1.99477,2.00046,2.00221,1.99997,1.99374,1.98351,1.96929,1.95113,1.92907,1.90318,1.87354,1.84025,1.80344,1.76323,1.71978,1.67325,1.62383,1.5717,1.51708,1.46019,1.40126,1.34054,1.27829,1.21476,1.15023,1.08497,1.01928,0.953434,0.887725,0.822444,0.757881,0.694323,0.632056,0.57136,0.512507,0.455763,0.401385,0.349618,0.300696,0.254839,0.212255,0.173134,0.137653,0.105968,0.0782223,0.054537,0.0350165,0.019746,0.00879153,0.0022002,2.99952e-32,
0,0.00206922,0.0082687,0.0185738,0.0329432,0.0513193,0.0736276,0.0997775,0.129662,0.16316,0.200133,0.240429,0.283881,0.330311,0.379526,0.431322,0.485485,0.541789,0.600001,0.659879,0.721174,0.783631,0.84699,0.910987,0.975356,1.03983,1.10413,1.168,1.23117,1.29338,1.35436,1.41386,1.47164,1.52745,1.58106,1.63225,1.68082,1.72655,1.76926,1.80879,1.84498,1.87767,1.90676,1.93212,1.95367,1.97132,1.98503,1.99476,2.00047,2.00217,1.99987,1.9936,1.9834,1.96935,1.95151,1.92997,1.90486,1.87628,1.84436,1.80926,1.77112,1.7301,1.68638,1.64013,1.59155,1.54081,1.48813,1.43369,1.37771,1.32039,1.26194,1.20258,1.14252,1.08198,1.02116,0.960295,0.899592,0.839269,0.77954,0.720619,0.662716,0.606041,0.550799,0.497193,0.445421,0.395676,0.348145,0.30301,0.260445,0.220615,0.183679,0.149782,0.119063,0.0916474,0.0676475,0.047164,0.0302835,0.0170779,0.00760405,0.00190311,2.99952e-32,
0,0.00218035,0.00871184,0.0195657,0.0346941,0.05403,0.0774874,0.104962,0.136331,0.171455,0.210177,0.252325,0.29771,0.346131,0.397372,0.451206,0.507396,0.565692,0.62584,0.687574,0.750624,0.814717,0.879572,0.944911,1.01045,1.07591,1.141,1.20546,1.269,1.33137,1.39228,1.4515,1.50877,1.56386,1.61653,1.66658,1.71379,1.75799,1.79899,1.83664,1.87078,1.90129,1.92805,1.95098,1.96998,1.98501,1.99601,2.00297,2.00588,2.00474,1.99959,1.99048,1.97745,1.9606,1.94001,1.91579,1.88807,1.85697,1.82265,1.78526,1.74496,1.70194,1.65638,1.60846,1.55838,1.50635,1.45257,1.39724,1.34059,1.28281,1.22412,1.16474,1.10488,1.04474,0.984547,0.924501,0.864809,0.805677,0.747303,0.689888,0.633624,0.578703,0.52531,0.473628,0.423832,0.376095,0.33058,0.287446,0.246844,0.208919,0.173806,0.141631,0.112512,0.0865547,0.0638564,0.0445018,0.028564,0.0161038,0.00716888,0.00179398,2.99952e-32,
0,0.00191778,0.00766241,0.017208,0.0305121,0.047516,0.0681458,0.0923127,0.119914,0.150834,0.184944,0.222106,0.262167,0.304969,0.350343,0.39811,0.448088,0.500084,0.553903,0.609342,0.666196,0.724255,0.783306,0.843136,0.903526,0.96426,1.02512,1.08588,1.14634,1.20627,1.26545,1.32367,1.38073,1.43641,1.49051,1.54283,1.59317,1.64134,1.68715,1.73044,1.77101,1.80872,1.8434,1.87491,1.90311,1.92788,1.9491,1.96667,1.9805,1.99051,1.99665,1.99887,1.99713,1.99142,1.98175,1.96813,1.95059,1.9292,1.90401,1.87512,1.84262,1.80665,1.76733,1.72482,1.67928,1.6309,1.57988,1.52641,1.47071,1.41303,1.3536,1.29266,1.23048,1.16731,1.10342,1.03908,0.974562,0.910141,0.846087,0.782671,0.720162,0.658822,0.59891,0.540678,0.48437,0.430221,0.378456,0.32929,0.282925,0.239553,0.19935,0.162479,0.129088,0.099312,0.073268,0.0510587,0.0327704,0.0184738,0.00822331,0.00205773,2.99952e-32,
0,0.00180168,0.0072009,0.0161801,0.0287101,0.0447497,0.0642461,0.0871347,0.113339,0.142772,0.175333,0.210913,0.249389,0.290631,0.334495,0.38083,0.429473,0.480253,0.532992,0.5875,0.643585,0.701043,0.759667,0.819244,0.879556,0.940382,1.0015,1.06267,1.12369,1.1843,1.2443,1.30344,1.36152,1.41829,1.47355,1.52709,1.57869,1.62815,1.67529,1.7199,1.76181,1.80086,1.83688,1.86972,1.89925,1.92533,1.94785,1.96671,1.98182,1.9931,2.0005,2.00395,2.00344,1.99894,1.99045,1.978,1.9616,1.94131,1.91719,1.88933,1.85782,1.82277,1.78432,1.7426,1.69779,1.65005,1.59957,1.54656,1.49122,1.4338,1.37451,1.31362,1.25136,1.18801,1.12383,1.0591,0.994086,0.929068,0.864326,0.800136,0.736774,0.674513,0.61362,0.554356,0.496977,0.441728,0.388847,0.338561,0.291084,0.24662,0.205358,0.167476,0.133134,0.102479,0.0756409,0.0527354,0.0338594,0.0190937,0.00850129,0.00212761,2.99952e-32,
0,0.00200473,0.0080119,0.0180002,0.0319341,0.049763,0.0714219,0.0968308,0.125895,0.158505,0.194536,0.233849,0.276293,0.3217,0.36989,0.420671,0.473838,0.529175,0.586457,0.645447,0.705901,0.767568,0.83019,0.893506,0.95725,1.02115,1.08495,1.14836,1.21114,1.27301,1.33372,1.39302,1.45066,1.50641,1.56005,1.61135,1.66013,1.70618,1.74933,1.78942,1.82629,1.85982,1.88989,1.91638,1.93922,1.95832,1.97363,1.9851,1.9927,1.99641,1.99624,1.99219,1.98429,1.97258,1.95712,1.93796,1.91519,1.88889,1.85918,1.82616,1.78996,1.75073,1.7086,1.66374,1.61631,1.56651,1.51451,1.46051,1.40472,1.34735,1.28862,1.22875,1.16799,1.10655,1.04468,0.982616,0.920604,0.858884,0.797695,0.737277,0.677865,0.619692,0.562983,0.507961,0.454838,0.403821,0.355108,0.308887,0.265337,0.224624,0.186907,0.152329,0.121023,0.09311,0.0686967,0.0478771,0.0307314,0.0173261,0.00771314,0.0019302,2.99952e-32,
0,0.00210897,0.00842635,0.0189237,0.0335543,0.0522533,0.0749384,0.10151,0.131854,0.165837,0.203312,0.244119,0.288082,0.335013,0.384709,0.436958,0.491538,0.548214,0.606745,0.666881,0.728365,0.790938,0.854333,0.918282,0.982516,1.04677,1.11076,1.17424,1.23693,1.29859,1.35895,1.41778,1.47485,1.52991,1.58276,1.6332,1.68102,1.72604,1.7681,1.80704,1.84271,1.87499,1.90377,1.92893,1.95039,1.96808,1.98195,1.99194,1.99803,2.00021,1.99846,1.99282,1.98329,1.96994,1.9528,1.93196,1.90749,1.8795,1.8481,1.8134,1.77556,1.7347,1.69101,1.64464,1.59578,1.54463,1.49139,1.43626,1.37947,1.32124,1.2618,1.20139,1.14023,1.07859,1.01669,0.954776,0.893094,0.831882,0.771373,0.711801,0.653391,0.596363,0.54093,0.487297,0.435661,0.386209,0.339117,0.294552,0.252669,0.213613,0.177517,0.144501,0.114674,0.0881331,0.0649633,0.0452373,0.0290162,0.0163495,0.00727525,0.00182012,2.99952e-32,
0,0.00198335,0.00792588,0.017805,0.031583,0.0492076,0.0706114,0.0957128,0.124416,0.15661,0.192171,0.230963,0.272835,0.317624,0.365156,0.415244,0.467693,0.522294,0.578832,0.637081,0.696811,0.75778,0.819744,0.882454,0.945655,1.00909,1.07251,1.13564,1.19824,1.26004,1.3208,1.38026,1.43819,1.49435,1.54852,1.60046,1.64998,1.69687,1.74095,1.78204,1.81998,1.85463,1.88584,1.91351,1.93752,1.95779,1.97424,1.98682,1.99549,2.00022,2.001,1.99783,1.99073,1.97975,1.96492,1.94632,1.92402,1.89812,1.86872,1.83594,1.79991,1.76077,1.71868,1.67381,1.62632,1.5764,1.52425,1.47006,1.41406,1.35645,1.29745,1.23731,1.17624,1.11449,1.05229,0.989889,0.927527,0.865447,0.80389,0.743095,0.6833,0.624737,0.567636,0.512219,0.458702,0.407294,0.358196,0.311599,0.267685,0.226625,0.18858,0.153697,0.122112,0.0939478,0.0693141,0.0483064,0.0310062,0.0174804,0.00778162,0.00194729,2.99952e-32,
0,0.00183371,0.00732918,0.0164692,0.0292248,0.0455552,0.0654072,0.0887156,0.115403,0.14538,0.178545,0.214785,0.253975,0.295978,0.340647,0.387825,0.437345,0.489028,0.542689,0.598132,0.655156,0.71355,0.773099,0.83358,0.894767,0.956429,1.01833,1.08024,1.14191,1.20311,1.26359,1.32313,1.38148,1.43841,1.49369,1.54711,1.59844,1.64747,1.69401,1.73787,1.77886,1.81681,1.85157,1.88298,1.91092,1.93528,1.95594,1.97282,1.98585,1.99498,2.00016,2.00137,1.9986,1.99187,1.98119,1.96662,1.94821,1.92603,1.90017,1.87074,1.83784,1.80161,1.7622,1.71975,1.67443,1.62641,1.5759,1.52307,1.46813,1.41131,1.35281,1.29287,1.23171,1.16957,1.10671,1.04336,0.979766,0.916192,0.852888,0.790107,0.728103,0.667131,0.607442,0.549285,0.492904,0.43854,0.386425,0.336788,0.289846,0.245809,0.204875,0.167232,0.133052,0.102495,0.0757067,0.0528139,0.0339277,0.0191403,0.0085247,0.00213388,2.99952e-32,
0,0.00190501,0.0076115,0.0170941,0.030311,0.0472044,0.0677015,0.0917148,0.119143,0.149871,0.183774,0.220713,0.26054,0.303099,0.348222,0.395738,0.445464,0.497216,0.5508,0.606021,0.662678,0.720568,0.779483,0.839213,0.899549,0.960275,1.02118,1.08204,1.14266,1.2028,1.26225,1.32081,1.37825,1.43436,1.48893,1.54175,1.59263,1.64135,1.68773,1.73158,1.7727,1.81094,1.84612,1.87809,1.90671,1.93183,1.95335,1.97114,1.98513,1.99523,2.00139,2.00355,2.00169,1.99581,1.9859,1.97199,1.95413,1.93238,1.90681,1.87753,1.84463,1.80826,1.76856,1.72568,1.67981,1.63111,1.57981,1.5261,1.47022,1.41238,1.35284,1.29183,1.22962,1.16645,1.1026,1.03833,0.973898,0.909581,0.845644,0.782351,0.719966,0.658748,0.59895,0.54082,0.484599,0.430521,0.378809,0.329677,0.283328,0.239953,0.199731,0.162828,0.129396,0.0995698,0.0734727,0.0512103,0.0328727,0.0185337,0.00825075,0.00206471,2.99952e-32,
0,0.0021496,0.00858792,0.0192837,0.0341851,0.0532206,0.076299,0.103311,0.134128,0.168607,0.206587,0.247893,0.292337,0.339717,0.38982,0.442424,0.497298,0.554203,0.612893,0.673117,0.734622,0.79715,0.860441,0.924235,0.988272,1.05229,1.11604,1.17926,1.2417,1.30312,1.36327,1.42191,1.47883,1.53379,1.58658,1.63699,1.68483,1.72992,1.77207,1.81111,1.8469,1.8793,1.90817,1.9334,1.95489,1.97256,1.98634,1.99617,2.00202,2.00387,2.00171,1.99557,1.98546,1.97143,1.95356,1.93192,1.90661,1.87773,1.84542,1.80981,1.77105,1.72932,1.68479,1.63765,1.58809,1.53631,1.48254,1.42699,1.36988,1.31145,1.25191,1.19152,1.13049,1.06908,1.00749,0.945986,0.884777,0.824095,0.764163,0.705199,0.647414,0.591017,0.536208,0.483181,0.432123,0.383212,0.336619,0.292505,0.251024,0.212318,0.176521,0.143754,0.114131,0.0877518,0.0647068,0.0450741,0.0289201,0.0162993,0.00725422,0.00181506,2.99952e-32,
0,0.00211872,0.0084666,0.0190187,0.0337328,0.05255,0.0753935,0.10217,0.132768,0.16706,0.204903,0.246136,0.290584,0.338056,0.38835,0.441248,0.496522,0.553932,0.613229,0.674156,0.736448,0.799834,0.864041,0.928789,0.993798,1.05879,1.12348,1.1876,1.25087,1.31303,1.37381,1.43296,1.49023,1.54538,1.5982,1.64847,1.69599,1.74057,1.78204,1.82024,1.85503,1.88627,1.91387,1.93773,1.95776,1.97391,1.98613,1.9944,1.9987,1.99904,1.99544,1.98793,1.97657,1.96142,1.94257,1.9201,1.89413,1.86477,1.83215,1.79641,1.75771,1.71619,1.67204,1.62543,1.57654,1.52556,1.47268,1.41811,1.36206,1.30472,1.24632,1.18706,1.12716,1.06684,1.00631,0.945785,0.885489,0.825634,0.766431,0.708092,0.650824,0.59483,0.540313,0.487466,0.436481,0.387541,0.340827,0.296509,0.254751,0.215709,0.179531,0.146354,0.116306,0.089503,0.066051,0.0460432,0.0295598,0.0166681,0.00742111,0.00185725,2.99952e-32,
0,0.00179124,0.00715889,0.0160848,0.028539,0.0444797,0.0638536,0.0865958,0.11263,0.14187,0.174217,0.209563,0.247788,0.288762,0.332346,0.378392,0.42674,0.477223,0.529665,0.583883,0.639684,0.69687,0.755237,0.814574,0.874666,0.935293,0.996232,1.05726,1.11814,1.17866,1.23857,1.29766,1.35571,1.41247,1.46775,1.52132,1.57297,1.6225,1.66972,1.71444,1.75648,1.79567,1.83185,1.86487,1.8946,1.9209,1.94368,1.96281,1.97823,1.98985,1.99761,2.00148,2.0014,1.99738,1.98941,1.9775,1.96168,1.94199,1.91849,1.89126,1.8604,1.82599,1.78817,1.74708,1.70286,1.65568,1.60572,1.55318,1.49826,1.44119,1.38219,1.32151,1.2594,1.19612,1.13194,1.06713,1.00197,0.936737,0.871721,0.807202,0.743464,0.680786,0.619445,0.559709,0.501843,0.4461,0.392726,0.341955,0.29401,0.2491,0.20742,0.169151,0.134458,0.103491,0.076383,0.0532486,0.0341863,0.0192767,0.00858226,0.00214779,2.99952e-32,
0,0.00181888,0.00726916,0.0163318,0.0289755,0.0451565,0.0648192,0.0878962,0.114308,0.143964,0.176762,0.212589,0.251321,0.292822,0.336948,0.383542,0.432439,0.483465,0.536437,0.591163,0.647443,0.705071,0.763836,0.82352,0.883901,0.944753,1.00585,1.06696,1.12785,1.18829,1.24806,1.30692,1.36465,1.42104,1.47586,1.52891,1.57998,1.62888,1.67543,1.71943,1.76072,1.79915,1.83455,1.86678,1.89573,1.92126,1.94328,1.96169,1.9764,1.98735,1.99448,1.99775,1.99714,1.99261,1.98418,1.97186,1.95567,1.93566,1.91188,1.88442,1.85335,1.81879,1.78085,1.73967,1.69539,1.64818,1.59823,1.54572,1.49086,1.43387,1.37498,1.31444,1.25248,1.18938,1.1254,1.0608,0.995882,0.930908,0.866166,0.801937,0.738502,0.676139,0.615122,0.555718,0.498188,0.442784,0.389748,0.339312,0.291695,0.247103,0.205729,0.16775,0.133329,0.10261,0.0757247,0.0527848,0.0338858,0.019106,0.00850586,0.0021286,2.99952e-32,
0,0.00214571,0.00857467,0.0192622,0.0341666,0.0532292,0.0763741,0.103508,0.134521,0.169284,0.207654,0.249468,0.294551,0.342709,0.393734,0.447404,0.503486,0.561732,0.621885,0.683677,0.746834,0.811073,0.876107,0.941646,1.0074,1.07307,1.13836,1.203,1.26669,1.32915,1.39013,1.44935,1.50656,1.56153,1.61403,1.66385,1.71079,1.75467,1.79533,1.8326,1.86637,1.89651,1.92293,1.94555,1.96429,1.97912,1.99001,1.99693,1.9999,1.99892,1.99403,1.98528,1.97272,1.95643,1.9365,1.91302,1.88611,1.85588,1.82246,1.786,1.74665,1.70457,1.65992,1.61287,1.56362,1.51234,1.45924,1.4045,1.34834,1.29096,1.23256,1.17337,1.11359,1.05345,0.993147,0.932911,0.872953,0.813487,0.754723,0.696871,0.640136,0.584717,0.530813,0.478614,0.428304,0.380062,0.33406,0.290462,0.249423,0.211091,0.175602,0.143087,0.113662,0.0874353,0.0645034,0.0449513,0.0288518,0.0162658,0.00724096,0.00181201,2.99952e-32,
0,0.00212098,0.0084743,0.0190312,0.0337441,0.0525465,0.0753542,0.102065,0.132559,0.166701,0.204339,0.245307,0.289425,0.336498,0.386322,0.438679,0.493343,0.55008,0.608644,0.668788,0.730255,0.792788,0.856122,0.919995,0.98414,1.04829,1.11219,1.17558,1.23819,1.29977,1.36009,1.41889,1.47594,1.53102,1.58391,1.63441,1.68232,1.72745,1.76962,1.80869,1.84449,1.8769,1.90579,1.93105,1.9526,1.97034,1.98423,1.9942,2.00022,2.00229,2.00039,1.99453,1.98476,1.97111,1.95364,1.93243,1.90757,1.87917,1.84733,1.8122,1.77392,1.73265,1.68856,1.64182,1.59264,1.5412,1.48771,1.43239,1.37547,1.31716,1.25769,1.19731,1.13624,1.07472,1.013,0.951296,0.889856,0.82891,0.768686,0.709408,0.651295,0.594562,0.539415,0.486053,0.434668,0.385442,0.338551,0.294158,0.252418,0.213476,0.177466,0.14451,0.114721,0.0881979,0.0650309,0.045297,0.0290616,0.0163784,0.00728923,0.00182379,2.99952e-32,
0,0.00186386,0.00744715,0.0167252,0.0296576,0.0461884,0.0662472,0.0897495,0.116598,0.146682,0.179881,0.216062,0.255083,0.296794,0.341036,0.387642,0.43644,0.487251,0.539891,0.594172,0.649901,0.706882,0.764917,0.823802,0.883336,0.943312,1.00352,1.06376,1.12381,1.18348,1.24254,1.30079,1.35802,1.41402,1.46859,1.52153,1.57263,1.6217,1.66855,1.71298,1.75483,1.79391,1.83006,1.86313,1.89295,1.91941,1.94236,1.96169,1.97732,1.98913,1.99708,2.00108,2.00112,1.99715,1.98917,1.97719,1.96123,1.94134,1.91758,1.89003,1.85878,1.82395,1.78567,1.74408,1.69934,1.65164,1.60117,1.54813,1.49273,1.43521,1.37582,1.31479,1.25239,1.18888,1.12453,1.05963,0.994439,0.929251,0.864344,0.799999,0.736494,0.674104,0.613099,0.553742,0.49629,0.440991,0.388081,0.337788,0.290326,0.245897,0.204689,0.166875,0.132613,0.102046,0.0752991,0.0524826,0.0336888,0.0189935,0.00845535,0.00211589,2.99952e-32,
0,0.00184634,0.00737941,0.0165812,0.0294214,0.0458574,0.065834,0.0892837,0.116126,0.14627,0.17961,0.216031,0.255404,0.297592,0.342444,0.3898,0.439492,0.491339,0.545155,0.600743,0.657899,0.716413,0.776069,0.836645,0.897913,0.959643,1.0216,1.08355,1.14526,1.20648,1.26698,1.32652,1.38486,1.44179,1.49706,1.55046,1.60177,1.65078,1.6973,1.74112,1.78206,1.81997,1.85467,1.88601,1.91388,1.93814,1.95869,1.97544,1.98832,1.99726,2.00224,2.00323,2.00021,1.9932,1.98223,1.96733,1.94857,1.92602,1.89977,1.86994,1.83663,1.79999,1.76016,1.7173,1.67158,1.62319,1.57231,1.51914,1.4639,1.4068,1.34807,1.28793,1.22663,1.16439,1.10146,1.0381,0.974537,0.911038,0.847849,0.785223,0.72341,0.66266,0.60322,0.545336,0.489248,0.435191,0.383394,0.334079,0.28746,0.243742,0.203119,0.165772,0.131872,0.101573,0.0750168,0.0523274,0.0336123,0.0189611,0.00844448,0.00211374,2.99952e-32,
0,0.0020471,0.00818024,0.018375,0.0325905,0.0507698,0.07284,0.0987121,0.128282,0.16143,0.198022,0.237909,0.28093,0.326909,0.375659,0.426981,0.480666,0.536492,0.594231,0.653646,0.714493,0.776521,0.839474,0.903093,0.967114,1.03127,1.0953,1.15894,1.22193,1.28399,1.34489,1.40436,1.46216,1.51805,1.57181,1.62322,1.67206,1.71813,1.76126,1.80127,1.83801,1.87132,1.90108,1.92718,1.94952,1.96802,1.98262,1.99327,1.99994,2.00261,2.0013,1.99601,1.98679,1.97369,1.95677,1.93612,1.91183,1.88401,1.8528,1.81831,1.7807,1.74012,1.69675,1.65075,1.60232,1.55165,1.49892,1.44436,1.38816,1.33055,1.27173,1.21194,1.15138,1.0903,1.02891,0.967447,0.906128,0.845182,0.784834,0.725306,0.666816,0.609582,0.553815,0.499724,0.447509,0.397366,0.349485,0.304048,0.261227,0.221185,0.184079,0.15005,0.119232,0.091746,0.0676991,0.0471869,0.030291,0.0170788,0.00760339,0.00190277,2.99952e-32,
0,0.00210718,0.00841871,0.0189049,0.0335167,0.0521867,0.0748292,0.101341,0.131604,0.165481,0.202822,0.243464,0.287228,0.333925,0.383353,0.4353,0.489545,0.545858,0.604002,0.663732,0.7248,0.786952,0.84993,0.913475,0.977327,1.04122,1.10491,1.16811,1.23059,1.29209,1.35236,1.41117,1.46826,1.52343,1.57646,1.62712,1.67523,1.7206,1.76305,1.80242,1.83856,1.87133,1.9006,1.92627,1.94824,1.96643,1.98079,1.99124,1.99778,2.00036,1.999,1.99371,1.9845,1.97144,1.95456,1.93395,1.9097,1.8819,1.85067,1.81614,1.77845,1.73774,1.6942,1.64798,1.59928,1.54828,1.49519,1.44022,1.38359,1.32552,1.26623,1.20596,1.14494,1.0834,1.0216,0.959751,0.898107,0.836899,0.77636,0.716721,0.658205,0.601034,0.54542,0.491571,0.439685,0.389954,0.342558,0.29767,0.255451,0.216052,0.179611,0.146257,0.116105,0.089259,0.0658101,0.0458371,0.0294063,0.0165717,0.00737489,0.00184516,2.99952e-32,
0,0.00194379,0.00776848,0.0174539,0.0309664,0.0482582,0.0692682,0.0939211,0.122128,0.153786,0.188778,0.226976,0.268236,0.312403,0.35931,0.408776,0.46061,0.514613,0.570573,0.628269,0.687473,0.747951,0.80946,0.871754,0.934583,0.997692,1.06083,1.12373,1.18615,1.24783,1.30852,1.36798,1.42597,1.48224,1.53658,1.58877,1.6386,1.68588,1.7304,1.77201,1.81053,1.84582,1.87775,1.90618,1.93101,1.95216,1.96954,1.98308,1.99275,1.9985,2.00032,1.99821,1.99219,1.98226,1.96849,1.95092,1.92963,1.90469,1.87621,1.8443,1.80909,1.7707,1.72928,1.68501,1.63804,1.58856,1.53677,1.48286,1.42704,1.36954,1.31057,1.25036,1.18916,1.1272,1.06473,1.00199,0.939225,0.876691,0.814633,0.753295,0.692921,0.633749,0.576016,0.519949,0.465772,0.413699,0.363938,0.316687,0.272134,0.230455,0.191818,0.156376,0.12427,0.0956298,0.0705698,0.0491907,0.0315789,0.0178057,0.00792726,0.00198387,2.99952e-32,
0,0.00181522,0.00725507,0.0163021,0.0289269,0.0450883,0.0647331,0.087796,0.1142,0.143855,0.176662,0.212507,0.251268,0.292808,0.336982,0.383635,0.432601,0.483705,0.536764,0.591585,0.64797,0.705713,0.764601,0.824417,0.884941,0.945947,1.00721,1.06849,1.12958,1.19022,1.2502,1.30929,1.36726,1.42389,1.47897,1.53228,1.58361,1.63277,1.67956,1.72379,1.7653,1.80391,1.83947,1.87184,1.90087,1.92644,1.94845,1.96679,1.98138,1.99215,1.99904,2.002,2.00102,1.99608,1.98717,1.97433,1.95757,1.93696,1.91256,1.88445,1.85273,1.81751,1.77892,1.73712,1.69225,1.64448,1.59402,1.54106,1.48581,1.42849,1.36935,1.30862,1.24655,1.18341,1.11946,1.05497,0.990205,0.925449,0.860975,0.797055,0.733964,0.671971,0.611339,0.552329,0.495193,0.440176,0.387511,0.337426,0.290134,0.245837,0.204725,0.166975,0.132747,0.10219,0.0754341,0.052595,0.0337715,0.0190451,0.00848002,0.00212234,2.99952e-32,
0,0.0019603,0.00783232,0.0175897,0.0311891,0.0485706,0.0696586,0.0943619,0.122575,0.154178,0.189039,0.227013,0.267943,0.311662,0.357992,0.406748,0.457736,0.510754,0.565594,0.622043,0.679883,0.738893,0.798848,0.859522,0.920686,0.982112,1.04357,1.10484,1.16568,1.22588,1.28521,1.34346,1.40041,1.45585,1.50958,1.5614,1.61111,1.65853,1.70348,1.74579,1.78529,1.82183,1.85526,1.88545,1.91228,1.93561,1.95537,1.97144,1.98376,1.99226,1.99689,1.99762,1.99441,1.98727,1.97619,1.96122,1.94239,1.91975,1.89339,1.86338,1.82985,1.79291,1.7527,1.70938,1.66312,1.61409,1.56251,1.50857,1.45251,1.39455,1.33493,1.27391,1.21174,1.14868,1.085,1.02096,0.956847,0.892921,0.829453,0.766707,0.704948,0.64443,0.585404,0.528112,0.472787,0.419654,0.368924,0.320801,0.275473,0.233117,0.193896,0.15796,0.125446,0.0964735,0.0711504,0.049569,0.0318069,0.0179274,0.00797906,0.00199645,2.99952e-32,
0,0.00216701,0.00865875,0.0194473,0.0344862,0.0537104,0.0770366,0.104364,0.135572,0.170527,0.209075,0.251048,0.296263,0.344521,0.395611,0.449309,0.50538,0.563578,0.623648,0.685328,0.748348,0.812433,0.877303,0.942676,1.00827,1.0738,1.13898,1.20353,1.26718,1.32965,1.39067,1.45,1.50738,1.56258,1.61535,1.66549,1.7128,1.75708,1.79816,1.83589,1.8701,1.90069,1.92754,1.95056,1.96966,1.9848,1.99594,2.00304,2.00611,2.00516,2.00021,1.99132,1.97853,1.96193,1.94161,1.91766,1.89021,1.85938,1.82531,1.78816,1.74809,1.70525,1.65984,1.61204,1.56203,1.51002,1.45621,1.40081,1.34403,1.28607,1.22717,1.16753,1.10738,1.04692,0.986391,0.925995,0.865949,0.806467,0.747758,0.690025,0.633472,0.578293,0.524681,0.472819,0.422886,0.375054,0.329488,0.286343,0.245767,0.2079,0.172872,0.140804,0.111805,0.0859761,0.0634064,0.044174,0.028346,0.0159774,0.0071115,0.00177945,2.99952e-32,
0,0.00202562,0.00809509,0.0181862,0.0322614,0.0502683,0.0721388,0.0977897,0.127123,0.160024,0.196366,0.236005,0.278786,0.324537,0.373075,0.424204,0.477718,0.533398,0.591015,0.650334,0.711108,0.773086,0.836009,0.899616,0.963641,1.02782,1.09187,1.15554,1.21855,1.28064,1.34155,1.40103,1.45883,1.5147,1.56842,1.61977,1.66854,1.71452,1.75755,1.79744,1.83404,1.86721,1.89682,1.92278,1.94499,1.96337,1.97787,1.98845,1.99508,1.99776,1.99649,1.99131,1.98225,1.96936,1.95273,1.93242,1.90854,1.8812,1.85051,1.81661,1.77963,1.73973,1.69707,1.65181,1.60413,1.55421,1.50224,1.44841,1.39292,1.33598,1.27779,1.21857,1.15854,1.0979,1.03688,0.9757,0.914587,0.853762,0.793447,0.733867,0.675241,0.61779,0.56173,0.507273,0.45463,0.404004,0.355594,0.30959,0.266176,0.225529,0.187814,0.153188,0.121793,0.0937645,0.0692203,0.0482666,0.0309946,0.0174803,0.00778371,0.00194814,2.99952e-32,
0,0.00175937,0.00703097,0.0157954,0.0280207,0.043663,0.0626662,0.0849633,0.110476,0.139115,0.170782,0.205367,0.242752,0.28281,0.325404,0.370391,0.417618,0.466927,0.51815,0.571115,0.625644,0.681552,0.738649,0.796742,0.855633,0.915119,0.974994,1.03505,1.09508,1.15487,1.2142,1.27287,1.33065,1.38735,1.44273,1.49661,1.54876,1.59899,1.6471,1.69289,1.73618,1.7768,1.81456,1.84931,1.88089,1.90916,1.93398,1.95524,1.97282,1.98664,1.9966,2.00265,2.00473,2.00281,1.99687,1.98691,1.97294,1.95499,1.93312,1.90739,1.87787,1.84469,1.80794,1.76777,1.72434,1.67779,1.62833,1.57614,1.52144,1.46445,1.4054,1.34455,1.28214,1.21845,1.15376,1.08833,1.02246,0.956427,0.890533,0.825066,0.760316,0.696573,0.634123,0.573246,0.514216,0.4573,0.402753,0.350824,0.301745,0.255739,0.213013,0.17376,0.138155,0.106359,0.0785136,0.0547418,0.0351489,0.0198211,0.00882514,0.00220864,2.99952e-32,
0,0.00192419,0.00768927,0.0172728,0.0306374,0.0477311,0.0684875,0.092826,0.120652,0.151858,0.186323,0.223913,0.264483,0.307877,0.353927,0.402456,0.453277,0.506194,0.561005,0.617498,0.675459,0.734664,0.794887,0.8559,0.917467,0.979356,1.04133,1.10315,1.16458,1.22539,1.28535,1.34423,1.40179,1.45782,1.51211,1.56444,1.61461,1.66243,1.70771,1.75027,1.78995,1.82658,1.86001,1.89012,1.91678,1.93987,1.95931,1.975,1.98688,1.99488,1.99898,1.99914,1.99535,1.98762,1.97597,1.96043,1.94107,1.91795,1.89115,1.86077,1.82693,1.78976,1.7494,1.706,1.65975,1.61082,1.5594,1.50571,1.44996,1.39236,1.33317,1.2726,1.21092,1.14836,1.08519,1.02166,0.958028,0.894556,0.831502,0.769123,0.707673,0.647403,0.588557,0.531377,0.476094,0.422933,0.372112,0.323836,0.278303,0.235696,0.196191,0.159946,0.12711,0.0978156,0.0721822,0.0503137,0.032299,0.0182113,0.0081076,0.00202896,2.99952e-32,
0,0.00221024,0.00883143,0.0198348,0.0351721,0.0547756,0.0785583,0.106414,0.138217,0.173824,0.213074,0.255788,0.301773,0.35082,0.402704,0.45719,0.514029,0.572964,0.633728,0.696045,0.759635,0.824213,0.889489,0.955175,1.02098,1.08661,1.15179,1.21623,1.27965,1.34179,1.40239,1.46118,1.51793,1.57241,1.62439,1.67367,1.72006,1.76338,1.80346,1.84016,1.87334,1.9029,1.92872,1.95072,1.96885,1.98304,1.99327,1.99952,2.00179,2.00009,1.99445,1.98492,1.97157,1.95446,1.93369,1.90935,1.88157,1.85046,1.81618,1.77885,1.73865,1.69574,1.65029,1.60249,1.55253,1.5006,1.4469,1.39165,1.33504,1.2773,1.21863,1.15925,1.09938,1.03923,0.979027,0.918976,0.859292,0.800186,0.741862,0.684526,0.628373,0.573599,0.52039,0.468929,0.41939,0.371943,0.326749,0.283961,0.243724,0.206176,0.171443,0.139644,0.110889,0.0852764,0.0628938,0.0438195,0.0281201,0.0158509,0.00705552,0.0017655,2.99952e-32,
0,0.00204235,0.0081599,0.0183243,0.032489,0.0505895,0.0725439,0.0982542,0.127606,0.160471,0.196704,0.236151,0.278641,0.323996,0.372023,0.422522,0.475285,0.530096,0.586731,0.644961,0.704553,0.76527,0.82687,0.889112,0.951751,1.01454,1.07724,1.13961,1.2014,1.26237,1.3223,1.38094,1.43808,1.4935,1.54697,1.5983,1.64729,1.69374,1.73748,1.77834,1.81614,1.85076,1.88204,1.90987,1.93412,1.95471,1.97155,1.98457,1.99371,1.99893,2.00021,1.99754,1.99092,1.98038,1.96595,1.94768,1.92566,1.89995,1.87067,1.83793,1.80185,1.76258,1.72027,1.67511,1.62726,1.57692,1.5243,1.4696,1.41305,1.35487,1.29531,1.2346,1.17298,1.1107,1.04803,0.985192,0.922455,0.860063,0.798265,0.737304,0.677419,0.618846,0.561811,0.506535,0.45323,0.4021,0.353337,0.307124,0.263634,0.223027,0.185451,0.151044,0.119927,0.0922131,0.0679983,0.0473673,0.0303913,0.0171283,0.00762308,0.00190733,2.99952e-32,
0,0.00179926,0.00719073,0.0161555,0.0286624,0.044668,0.0641167,0.0869414,0.113063,0.142392,0.174828,0.210257,0.248559,0.289601,0.333242,0.37933,0.427705,0.4782,0.530638,0.584836,0.640603,0.697742,0.75605,0.81532,0.875338,0.935889,0.996752,1.0577,1.11852,1.17898,1.23886,1.29792,1.35595,1.41273,1.46804,1.52165,1.57337,1.62299,1.67031,1.71514,1.7573,1.79661,1.83291,1.86605,1.89588,1.92227,1.9451,1.96427,1.97969,1.99127,1.99896,2.00271,2.00248,1.99827,1.99006,1.97789,1.96178,1.94177,1.91795,1.89039,1.85919,1.82446,1.78633,1.74496,1.70049,1.65311,1.60299,1.55034,1.49537,1.43829,1.37934,1.31876,1.25679,1.1937,1.12974,1.06517,1.00028,0.935336,0.870607,0.806373,0.742907,0.680483,0.619371,0.559836,0.502138,0.446528,0.393251,0.342543,0.294626,0.249713,0.208005,0.169685,0.134926,0.103882,0.0766915,0.053476,0.034339,0.0193657,0.00862289,0.0021581,2.99952e-32,
0,0.00188752,0.00754442,0.0169535,0.0300855,0.0468993,0.0673411,0.0913445,0.118831,0.149707,0.18387,0.2212,0.261569,0.304832,0.350835,0.399411,0.45038,0.503553,0.55873,0.6157,0.674244,0.734135,0.795139,0.857012,0.919511,0.982382,1.04537,1.10823,1.17069,1.23251,1.29343,1.3532,1.41157,1.4683,1.52317,1.57595,1.62641,1.67436,1.7196,1.76195,1.80123,1.8373,1.87001,1.89924,1.92486,1.94679,1.96494,1.97926,1.98968,1.99618,1.99874,1.99737,1.99207,1.98287,1.96982,1.95299,1.93243,1.90825,1.88054,1.84942,1.81501,1.77744,1.73686,1.69344,1.64733,1.59872,1.54779,1.49473,1.43974,1.38303,1.32481,1.2653,1.20471,1.14329,1.08126,1.01885,0.956304,0.893859,0.831755,0.770234,0.709538,0.649906,0.591577,0.534787,0.479769,0.42675,0.375954,0.327596,0.281884,0.239017,0.199185,0.162565,0.129324,0.0996134,0.0735717,0.0513209,0.0329667,0.0185973,0.00828263,0.00207325,2.99952e-32,
0,0.00208304,0.0083229,0.018692,0.0331447,0.0516177,0.0740305,0.100286,0.13027,0.163854,0.200895,0.241233,0.284699,0.331107,0.380263,0.43196,0.48598,0.5421,0.600084,0.659693,0.720679,0.78279,0.845771,0.909361,0.973301,1.03733,1.10118,1.16459,1.22731,1.28909,1.34966,1.40879,1.46623,1.52176,1.57516,1.6262,1.6747,1.72045,1.76327,1.803,1.83949,1.87258,1.90216,1.92811,1.95034,1.96876,1.98331,1.99394,2.00061,2.00331,2.00203,1.99679,1.98761,1.97454,1.95765,1.937,1.91268,1.88481,1.85349,1.81885,1.78105,1.74023,1.69656,1.65021,1.60138,1.55025,1.49703,1.44194,1.38518,1.32699,1.26759,1.20721,1.14609,1.08447,1.02257,0.960649,0.898933,0.83766,0.777063,0.71737,0.658806,0.601591,0.545937,0.492051,0.44013,0.390365,0.342936,0.298016,0.255764,0.216331,0.179857,0.146468,0.116282,0.0894027,0.0659214,0.0459182,0.0294605,0.0166033,0.00738932,0.00184883,2.99952e-32,
0,0.00209942,0.00838782,0.0188358,0.0333947,0.0519974,0.0745584,0.100975,0.131128,0.16488,0.202083,0.242569,0.286161,0.332668,0.381887,0.433605,0.487601,0.543644,0.601497,0.660916,0.721653,0.783455,0.846067,0.909233,0.972696,1.0362,1.09948,1.1623,1.2244,1.28553,1.34546,1.40396,1.46079,1.51573,1.56858,1.61914,1.6672,1.71259,1.75515,1.79469,1.83109,1.8642,1.89389,1.92007,1.94262,1.96147,1.97655,1.98779,1.99515,1.99862,1.99816,1.99379,1.98552,1.97338,1.95742,1.9377,1.91429,1.88728,1.85678,1.8229,1.78579,1.74558,1.70243,1.65652,1.60803,1.55715,1.50408,1.44905,1.39226,1.33396,1.27437,1.21373,1.15229,1.09029,1.02798,0.965618,0.903441,0.841697,0.780628,0.720474,0.661465,0.603829,0.547784,0.493541,0.441301,0.391256,0.343589,0.298469,0.256057,0.216499,0.179932,0.146481,0.116255,0.0893558,0.0658695,0.0458715,0.0294248,0.0165806,0.00737835,0.00184596,2.99952e-32,
0,0.00190623,0.00761873,0.0171188,0.0303747,0.0473418,0.0679621,0.0921642,0.119863,0.150961,0.185346,0.222894,0.263467,0.306915,0.353076,0.401776,0.452831,0.506045,0.561214,0.618125,0.676555,0.736277,0.797057,0.858654,0.920827,0.983329,1.04591,1.10833,1.17033,1.23168,1.29211,1.35141,1.40933,1.46564,1.52012,1.57255,1.62274,1.67048,1.71558,1.75787,1.79719,1.83337,1.86628,1.8958,1.92179,1.94417,1.96285,1.97775,1.98881,1.99599,1.99926,1.9986,1.99402,1.98553,1.97315,1.95694,1.93695,1.91326,1.88596,1.85515,1.82095,1.78348,1.7429,1.69936,1.65303,1.60408,1.55272,1.49913,1.44354,1.38615,1.32721,1.26693,1.20557,1.14336,1.08055,1.0174,0.954156,0.891072,0.828402,0.766398,0.705309,0.645382,0.586859,0.529977,0.474966,0.422048,0.37144,0.323348,0.277967,0.235484,0.196075,0.1599,0.127111,0.0978448,0.0722233,0.0503549,0.0323327,0.0182337,0.00811874,0.00203193,2.99952e-32,
0,0.00180483,0.00721319,0.0162067,0.028755,0.0448154,0.0643335,0.0872429,0.113466,0.142913,0.175483,0.211065,0.249536,0.290764,0.334605,0.380906,0.429506,0.480233,0.532908,0.587345,0.643349,0.70072,0.75925,0.818728,0.878939,0.939662,1.00067,1.06175,1.12267,1.18319,1.24311,1.30218,1.3602,1.41692,1.47215,1.52567,1.57726,1.62674,1.67389,1.71854,1.7605,1.79961,1.83569,1.86861,1.89822,1.92438,1.94699,1.96594,1.98114,1.99251,1.99999,2.00353,2.0031,1.99868,1.99028,1.9779,1.96158,1.94137,1.91733,1.88954,1.8581,1.82313,1.78475,1.74311,1.69837,1.6507,1.6003,1.54736,1.49209,1.43473,1.37551,1.31467,1.25247,1.18917,1.12504,1.06034,0.995346,0.930343,0.865604,0.801407,0.738026,0.675733,0.614797,0.555479,0.498034,0.442712,0.389749,0.339374,0.291805,0.247248,0.205893,0.16792,0.133491,0.102757,0.0758475,0.0528798,0.0339522,0.0191459,0.00852448,0.0021334,2.99952e-32,
0,0.00202377,0.00808582,0.0181586,0.0321968,0.0501377,0.071902,0.0973945,0.126504,0.159106,0.195061,0.234218,0.27641,0.321465,0.369194,0.419404,0.471889,0.526437,0.58283,0.640841,0.700242,0.760796,0.822265,0.884407,0.946981,1.00974,1.07244,1.13484,1.19669,1.25775,1.31779,1.37657,1.43386,1.48943,1.54308,1.59458,1.64373,1.69035,1.73425,1.77524,1.81318,1.84791,1.8793,1.90721,1.93154,1.95219,1.96908,1.98214,1.99133,1.9966,1.99794,1.99535,1.98883,1.97841,1.96413,1.94606,1.92427,1.89883,1.86986,1.83747,1.80179,1.76296,1.72113,1.67647,1.62915,1.57936,1.52729,1.47315,1.41716,1.35952,1.30047,1.24024,1.17907,1.11718,1.05484,0.99227,0.929733,0.867469,0.805723,0.744739,0.684755,0.626008,0.568729,0.513143,0.459468,0.407916,0.358687,0.311975,0.267962,0.226819,0.188707,0.153772,0.122149,0.093959,0.0693102,0.0482958,0.0309947,0.0174718,0.007777,0.001946,2.99952e-32,
0,0.00217882,0.0087064,0.0195559,0.0346823,0.0540225,0.0774951,0.105001,0.136422,0.171624,0.210455,0.252747,0.298316,0.346963,0.398475,0.452625,0.509176,0.567878,0.628473,0.690691,0.754259,0.818896,0.884315,0.950228,1.01635,1.08237,1.14803,1.21301,1.27705,1.33986,1.40117,1.46071,1.51823,1.57348,1.62624,1.67628,1.72339,1.76737,1.80807,1.8453,1.87894,1.90886,1.93494,1.9571,1.97528,1.98942,1.99948,2.00547,2.00738,2.00523,1.99907,1.98896,1.97496,1.95718,1.93571,1.91066,1.88218,1.8504,1.81547,1.77756,1.73683,1.69347,1.64765,1.59956,1.5494,1.49737,1.44366,1.38848,1.33203,1.27451,1.21614,1.15712,1.09765,1.03793,0.978178,0.918586,0.859356,0.800686,0.742771,0.685804,0.629975,0.575471,0.522475,0.471164,0.421714,0.374295,0.329069,0.286195,0.245824,0.208101,0.173162,0.141135,0.11214,0.0862845,0.0636678,0.044377,0.0284876,0.0160624,0.00715104,0.0017896,2.99952e-32,
0,0.00194275,0.00776348,0.0174396,0.0309334,0.0481924,0.0691493,0.0937223,0.121815,0.153319,0.188111,0.226054,0.267001,0.310793,0.357259,0.406219,0.457483,0.510851,0.566119,0.623071,0.681489,0.741146,0.801813,0.863257,0.92524,0.987525,1.04987,1.11204,1.17379,1.23488,1.29507,1.35414,1.41185,1.46797,1.52229,1.5746,1.62467,1.67233,1.71736,1.7596,1.79888,1.83502,1.8679,1.89736,1.9233,1.94559,1.96416,1.97891,1.9898,1.99676,1.99978,1.99883,1.99392,1.98506,1.9723,1.95567,1.93526,1.91113,1.88338,1.85214,1.81751,1.77965,1.73869,1.69481,1.64819,1.599,1.54743,1.49371,1.43803,1.38062,1.3217,1.2615,1.20026,1.13823,1.07563,1.01273,0.949756,0.886968,0.824608,0.762922,0.702155,0.642546,0.584332,0.527746,0.473015,0.420359,0.369993,0.32212,0.276938,0.234633,0.19538,0.159343,0.126675,0.0975119,0.071979,0.050185,0.0322234,0.0181718,0.00809108,0.00202498,2.99952e-32,
0,0.00177882,0.007108,0.0159659,0.028317,0.0441123,0.0632899,0.0857755,0.111483,0.140316,0.172166,0.206915,0.244437,0.284597,0.327251,0.372248,0.419431,0.468636,0.519695,0.572431,0.626668,0.682222,0.738906,0.796531,0.854904,0.913831,0.973115,1.03256,1.09196,1.15111,1.20983,1.26789,1.32511,1.38128,1.4362,1.48967,1.5415,1.59149,1.63945,1.68519,1.72853,1.76929,1.8073,1.84239,1.8744,1.90319,1.92862,1.95055,1.96888,1.98348,1.99428,2.00118,2.00414,2.00309,1.998,1.98887,1.97569,1.95848,1.93729,1.91216,1.88318,1.85044,1.81405,1.77414,1.73088,1.68441,1.63493,1.58265,1.52777,1.47053,1.41117,1.34994,1.28713,1.223,1.15783,1.09192,1.02556,0.959056,0.892701,0.826796,0.76164,0.697527,0.634747,0.573585,0.514315,0.457205,0.40251,0.350474,0.301329,0.255292,0.212566,0.173338,0.137777,0.106039,0.0782572,0.0545512,0.0350202,0.0197457,0.00879062,0.00219986,2.99952e-32,
0,0.00201536,0.00805386,0.0180926,0.0320932,0.0500018,0.0717492,0.0972506,0.126406,0.159101,0.195205,0.234575,0.277053,0.322468,0.370636,0.421363,0.474443,0.529657,0.586782,0.645582,0.705817,0.767239,0.829596,0.892631,0.956085,1.0197,1.08321,1.14635,1.20888,1.27053,1.33106,1.39021,1.44776,1.50347,1.55712,1.60849,1.65739,1.70362,1.747,1.78738,1.82458,1.85848,1.88895,1.91587,1.93915,1.9587,1.97445,1.98635,1.99437,1.99847,1.99866,1.99492,1.98729,1.97581,1.96051,1.94146,1.91875,1.89245,1.86269,1.82956,1.79321,1.75378,1.71141,1.66628,1.61857,1.56844,1.51612,1.46178,1.40566,1.34796,1.28891,1.22874,1.16769,1.106,1.0439,0.98164,0.919462,0.857607,0.796317,0.735829,0.676378,0.618194,0.561502,0.50652,0.453459,0.402522,0.353904,0.307789,0.264353,0.223759,0.186162,0.151704,0.120513,0.0927087,0.0683946,0.0476629,0.0305919,0.0172465,0.00767743,0.00192121,2.99952e-32,
0,0.00217933,0.00870844,0.0195606,0.034691,0.0540369,0.0775174,0.105034,0.136469,0.17169,0.210545,0.252865,0.298467,0.347152,0.398705,0.452898,0.509491,0.568231,0.628855,0.691091,0.754659,0.819274,0.884644,0.950475,1.01647,1.08234,1.14778,1.21252,1.27625,1.3387,1.39961,1.45871,1.51575,1.5705,1.62273,1.67223,1.7188,1.76228,1.80248,1.83928,1.87253,1.90214,1.92799,1.95003,1.96818,1.9824,1.99267,1.99898,2.00132,1.99973,1.99423,1.98487,1.97172,1.95485,1.93434,1.9103,1.88285,1.85209,1.81816,1.7812,1.74137,1.69882,1.65372,1.60625,1.55659,1.50493,1.45146,1.39639,1.33992,1.28226,1.22363,1.16423,1.1043,1.04404,0.983676,0.923427,0.863511,0.804143,0.745535,0.687897,0.631433,0.576343,0.522821,0.471055,0.421225,0.373503,0.328055,0.285035,0.244592,0.206863,0.171975,0.140046,0.111183,0.0854843,0.0630347,0.0439098,0.0281737,0.0158791,0.00706736,0.00176835,2.99952e-32,
0,0.001941,0.007756,0.0174212,0.0308973,0.0481302,0.0690511,0.093577,0.121611,0.153044,0.187752,0.225601,0.266443,0.31012,0.356462,0.405291,0.456416,0.50964,0.564757,0.621552,0.679805,0.73929,0.799776,0.861028,0.922808,0.984875,1.04699,1.10891,1.17039,1.2312,1.29111,1.34987,1.40727,1.46309,1.5171,1.56911,1.61892,1.66632,1.71115,1.75323,1.79241,1.82852,1.86143,1.89101,1.91714,1.93973,1.95868,1.97392,1.98537,1.99299,1.99674,1.9966,1.99256,1.98462,1.97281,1.95715,1.93771,1.91454,1.88772,1.85736,1.82355,1.78642,1.74612,1.70278,1.65659,1.60771,1.55634,1.50267,1.44694,1.38934,1.33013,1.26954,1.20781,1.14521,1.08198,1.01839,0.954701,0.891178,0.828084,0.76568,0.704226,0.643975,0.585176,0.528072,0.472897,0.419877,0.369228,0.321153,0.275847,0.233491,0.194251,0.158283,0.125725,0.0967045,0.0713312,0.0497011,0.031895,0.0179784,0.00800223,0.00200232,2.99952e-32,
0,0.00178855,0.0071487,0.0160639,0.0285065,0.0444377,0.0638075,0.0865546,0.112607,0.141881,0.174281,0.209704,0.248032,0.289139,0.332887,0.37913,0.42771,0.478461,0.531207,0.585763,0.641937,0.699529,0.758331,0.818131,0.878707,0.939836,1.00129,1.06283,1.12424,1.18527,1.24568,1.30524,1.36373,1.42089,1.47652,1.53039,1.58227,1.63197,1.67928,1.72399,1.76595,1.80495,1.84086,1.87351,1.90277,1.92851,1.95063,1.96902,1.98361,1.99433,2.00113,2.00398,2.00284,1.99773,1.98864,1.97562,1.95869,1.93793,1.9134,1.88519,1.85341,1.81818,1.77963,1.7379,1.69315,1.64557,1.59532,1.54261,1.48764,1.43064,1.37182,1.31142,1.24969,1.18687,1.12322,1.059,0.994473,0.92991,0.865578,0.801747,0.738688,0.676668,0.615952,0.556801,0.499471,0.444211,0.391263,0.340859,0.293222,0.248562,0.207078,0.168956,0.134368,0.103468,0.0763971,0.053278,0.0342161,0.0192984,0.00859363,0.0021509,2.99952e-32,
0,0.00196636,0.00785812,0.0176533,0.0313148,0.0487909,0.0700148,0.0949048,0.123365,0.155284,0.190539,0.228991,0.270491,0.314875,0.36197,0.41159,0.46354,0.517616,0.573605,0.631287,0.690435,0.750815,0.812189,0.874316,0.93695,0.999844,1.06275,1.12542,1.1876,1.24905,1.30952,1.36877,1.42657,1.48268,1.53689,1.58896,1.63871,1.68591,1.73039,1.77197,1.81047,1.84575,1.87766,1.90607,1.93087,1.95197,1.96927,1.98271,1.99225,1.99784,1.99947,1.99713,1.99084,1.98063,1.96654,1.94865,1.92702,1.90176,1.87296,1.84075,1.80526,1.76663,1.72504,1.68063,1.63359,1.58411,1.53237,1.47859,1.42297,1.36573,1.30708,1.24725,1.18646,1.12495,1.06295,1.0007,0.938428,0.876372,0.814768,0.753853,0.69386,0.635021,0.577563,0.521711,0.467686,0.415702,0.365968,0.318684,0.274046,0.232235,0.193429,0.157788,0.125467,0.096603,0.0713225,0.0497364,0.0319406,0.0180148,0.00802199,0.00200783,2.99952e-32,
0,0.0021344,0.00852643,0.0191429,0.0339292,0.0528102,0.075691,0.102458,0.13298,0.167109,0.204683,0.245525,0.289447,0.336248,0.385719,0.437641,0.491788,0.547929,0.605827,0.665241,0.725926,0.787637,0.850128,0.913149,0.976454,1.0398,1.10293,1.16561,1.22761,1.28867,1.34858,1.40709,1.46399,1.51906,1.57208,1.62286,1.67118,1.71687,1.75973,1.79961,1.83633,1.86975,1.89974,1.92615,1.94889,1.96786,1.98297,1.99417,2.00139,2.0046,2.0038,1.99897,1.99015,1.97736,1.96065,1.94011,1.91581,1.88786,1.85639,1.82152,1.7834,1.7422,1.69809,1.65126,1.60192,1.55025,1.49649,1.44085,1.38356,1.32486,1.26498,1.20417,1.14266,1.0807,1.01852,0.956384,0.894513,0.833147,0.772517,0.71285,0.654366,0.59728,0.541801,0.488129,0.436456,0.386966,0.339832,0.295221,0.253286,0.214173,0.178013,0.14493,0.115033,0.0884232,0.0651864,0.0453983,0.0291226,0.0164109,0.00730302,0.00182713,2.99952e-32,
0,0.00206569,0.00825366,0.0185366,0.0328692,0.0511884,0.073414,0.0994488,0.129179,0.162476,0.199196,0.23918,0.282257,0.328244,0.376946,0.428156,0.481661,0.537237,0.594653,0.653673,0.714055,0.775552,0.837916,0.900894,0.964233,1.02768,1.09099,1.1539,1.21616,1.27754,1.33779,1.39668,1.45397,1.50943,1.56286,1.61405,1.66278,1.70888,1.75216,1.79244,1.82957,1.86341,1.89381,1.92065,1.94383,1.96326,1.97885,1.99054,1.99829,2.00206,2.00184,1.99764,1.98947,1.97736,1.96138,1.94158,1.91806,1.89091,1.86025,1.82621,1.78893,1.74857,1.7053,1.6593,1.61075,1.55986,1.50683,1.45189,1.39524,1.33712,1.27775,1.21738,1.15623,1.09454,1.03255,0.970495,0.908613,0.847137,0.786299,0.726324,0.667438,0.609859,0.5538,0.499469,0.447066,0.396786,0.348814,0.303327,0.260494,0.220474,0.183414,0.149453,0.118718,0.0913214,0.067367,0.046944,0.0301289,0.0169847,0.00756056,0.00189191,2.99952e-32,
0,0.00185038,0.00739596,0.0166199,0.0294937,0.045977,0.0660175,0.0895507,0.116499,0.146775,0.180275,0.216885,0.256481,0.298923,0.344062,0.391738,0.441777,0.493999,0.54821,0.604209,0.661788,0.720727,0.780804,0.841787,0.903441,0.965526,1.0278,1.09002,1.15193,1.2133,1.27388,1.33342,1.39169,1.44845,1.50348,1.55656,1.60746,1.65599,1.70195,1.74516,1.78543,1.82262,1.85657,1.88715,1.91423,1.93771,1.9575,1.97352,1.9857,1.994,1.99838,1.99884,1.99536,1.98797,1.97669,1.96156,1.94265,1.92003,1.89378,1.86401,1.83082,1.79435,1.75473,1.71213,1.66668,1.61858,1.56801,1.51515,1.46021,1.40341,1.34495,1.28507,1.224,1.16197,1.09924,1.03604,0.972628,0.909256,0.846178,0.783651,0.721927,0.661259,0.6019,0.544094,0.488085,0.43411,0.382399,0.333174,0.286649,0.243026,0.2025,0.16525,0.131443,0.101234,0.0747607,0.0521453,0.0334935,0.0188933,0.00841404,0.00210608,2.99952e-32,
0,0.001817,0.00726158,0.0163146,0.0289443,0.0451069,0.0647465,0.0877953,0.114174,0.143792,0.176547,0.212327,0.251007,0.292454,0.336525,0.383064,0.431909,0.482886,0.535817,0.59051,0.64677,0.704393,0.76317,0.822885,0.883318,0.944246,1.00544,1.06668,1.12772,1.18834,1.2483,1.30738,1.36536,1.422,1.47709,1.53041,1.58177,1.63095,1.67777,1.72203,1.76358,1.80223,1.83783,1.87024,1.89933,1.92498,1.94707,1.96552,1.98023,1.99114,1.9982,2.00135,2.00057,1.99586,1.9872,1.97462,1.95815,1.93783,1.91373,1.88592,1.85449,1.81956,1.78125,1.73969,1.69505,1.64748,1.59717,1.54433,1.48914,1.43185,1.37269,1.31189,1.24971,1.18641,1.12227,1.05755,0.992538,0.927509,0.862747,0.798535,0.735151,0.672873,0.611972,0.552714,0.495355,0.440146,0.387323,0.337115,0.289736,0.245387,0.204256,0.166515,0.132323,0.101819,0.0751298,0.0523634,0.0336118,0.0189499,0.00843585,0.002111,2.99952e-32,
0,0.00208571,0.0083341,0.0187191,0.0331974,0.051709,0.0741768,0.100508,0.130592,0.164305,0.201506,0.24204,0.285738,0.332415,0.381876,0.433911,0.488302,0.544817,0.603216,0.66325,0.724664,0.787197,0.85058,0.914545,0.97882,1.04313,1.10721,1.17078,1.23358,1.29535,1.35584,1.41478,1.47196,1.52713,1.58007,1.63059,1.67847,1.72355,1.76564,1.8046,1.84028,1.87255,1.9013,1.92643,1.94786,1.96553,1.97937,1.98934,1.99543,1.99763,1.99593,1.99037,1.98095,1.96775,1.9508,1.93019,1.906,1.87833,1.84728,1.81298,1.77555,1.73516,1.69194,1.64607,1.59771,1.54707,1.49433,1.4397,1.38338,1.32559,1.26656,1.20652,1.1457,1.08433,1.02266,0.960917,0.899346,0.838184,0.777667,0.718026,0.65949,0.602281,0.546615,0.492703,0.440745,0.390935,0.343455,0.29848,0.256172,0.216682,0.180153,0.146713,0.116478,0.0895547,0.0660342,0.0459972,0.0295115,0.0166321,0.00740218,0.00185206,2.99952e-32,
0,0.00215581,0.00861493,0.0193522,0.0343251,0.0534739,0.0767212,0.103972,0.135114,0.170016,0.208533,0.250499,0.295736,0.344046,0.395221,0.449036,0.505252,0.563623,0.623887,0.685777,0.749016,0.813322,0.878406,0.943978,1.00975,1.07542,1.1407,1.20531,1.26896,1.33138,1.3923,1.45145,1.5086,1.5635,1.61592,1.66566,1.71252,1.75632,1.7969,1.83409,1.86778,1.89784,1.92418,1.94671,1.96537,1.98012,1.99091,1.99774,2.0006,1.99952,1.99452,1.98564,1.97296,1.95654,1.93647,1.91285,1.88578,1.85539,1.82181,1.78519,1.74567,1.70342,1.6586,1.61139,1.56197,1.51053,1.45727,1.40238,1.34608,1.28857,1.23006,1.17077,1.11091,1.0507,0.990362,0.930103,0.870144,0.810697,0.751976,0.694187,0.637535,0.582221,0.528438,0.476377,0.42622,0.378142,0.332313,0.288894,0.248037,0.209887,0.174577,0.142234,0.112972,0.0868961,0.0641002,0.0446671,0.0286678,0.0161613,0.00719424,0.00180029,2.99952e-32,
0,0.00185851,0.0074266,0.0166821,0.0295881,0.046094,0.0661347,0.0896323,0.116496,0.146621,0.179894,0.216187,0.255363,0.297275,0.341767,0.388673,0.437822,0.489031,0.542116,0.596883,0.653134,0.710666,0.769274,0.828748,0.888873,0.949437,1.01022,1.07101,1.13158,1.19172,1.2512,1.30982,1.36735,1.42358,1.47831,1.53132,1.58242,1.63141,1.67809,1.72228,1.7638,1.80248,1.83815,1.87068,1.8999,1.9257,1.94795,1.96654,1.98138,1.99239,1.99951,2.00268,2.00187,1.99705,1.98824,1.97544,1.95868,1.93802,1.91352,1.88527,1.85336,1.81791,1.77906,1.73695,1.69176,1.64366,1.59284,1.53952,1.48391,1.42625,1.36676,1.30571,1.24335,1.17995,1.11577,1.05108,0.986165,0.921298,0.856755,0.792812,0.729742,0.667813,0.607288,0.548425,0.491474,0.436674,0.384258,0.334446,0.287447,0.243457,0.202659,0.165224,0.131305,0.101044,0.0745631,0.0519722,0.0333629,0.0188107,0.00837424,0.00209565,2.99952e-32,
0,0.00181895,0.0072682,0.0163251,0.0289522,0.0450981,0.0646975,0.087672,0.113931,0.143372,0.175882,0.211336,0.249603,0.290539,0.333995,0.379813,0.42783,0.477876,0.529776,0.583348,0.638409,0.694771,0.752239,0.810621,0.869716,0.929325,0.989244,1.04927,1.10919,1.16881,1.22791,1.28628,1.34372,1.40001,1.45496,1.50834,1.55997,1.60964,1.65715,1.7023,1.74493,1.78484,1.82186,1.85583,1.88659,1.91401,1.93795,1.95829,1.97492,1.98775,1.9967,2.00172,2.00276,1.99978,1.99277,1.98175,1.96673,1.94775,1.92488,1.89817,1.86774,1.83368,1.79613,1.75522,1.71112,1.664,1.61405,1.56146,1.50646,1.44926,1.39012,1.32926,1.26696,1.20346,1.13905,1.074,1.00859,0.94309,0.877795,0.812986,0.748945,0.685952,0.624282,0.564207,0.505991,0.44989,0.396153,0.345016,0.296705,0.251435,0.209405,0.1708,0.135792,0.104533,0.0771618,0.0537973,0.0345416,0.0194783,0.00867244,0.00217041,2.99952e-32,
0,0.00210379,0.0084069,0.0188844,0.0334945,0.0521782,0.0748596,0.101446,0.131827,0.165878,0.203456,0.244404,0.288549,0.335706,0.385674,0.438243,0.493187,0.550275,0.609261,0.669896,0.73192,0.79507,0.859075,0.923665,0.988563,1.05349,1.11818,1.18236,1.24574,1.30807,1.36909,1.42853,1.48615,1.54171,1.59498,1.64574,1.69379,1.73892,1.78096,1.81974,1.8551,1.88692,1.91507,1.93944,1.95996,1.97655,1.98916,1.99776,2.00233,2.00289,1.99943,1.99201,1.98068,1.9655,1.94656,1.92396,1.89782,1.86825,1.83539,1.7994,1.76044,1.71866,1.67425,1.6274,1.57828,1.5271,1.47406,1.41936,1.3632,1.3058,1.24736,1.1881,1.12823,1.06796,1.0075,0.947063,0.88686,0.827099,0.767986,0.709728,0.652526,0.59658,0.542087,0.48924,0.438229,0.389238,0.342446,0.298027,0.256147,0.216967,0.180638,0.147302,0.117093,0.0901322,0.0665308,0.0463869,0.0297855,0.0167976,0.00747943,0.00187195,2.99952e-32,
0,0.00213672,0.00853746,0.0191741,0.0339998,0.0529495,0.0759402,0.102871,0.133625,0.168067,0.206048,0.247402,0.29195,0.339499,0.389843,0.442765,0.498036,0.555421,0.614671,0.675534,0.737748,0.80105,0.865169,0.929832,0.994766,1.0597,1.12435,1.18845,1.25173,1.31393,1.37478,1.43404,1.49145,1.54678,1.59981,1.65031,1.69809,1.74295,1.78471,1.82321,1.8583,1.88984,1.91772,1.94184,1.96212,1.97847,1.99087,1.99926,2.00364,2.004,2.00037,1.99277,1.98126,1.96591,1.94679,1.924,1.89765,1.86787,1.83478,1.79853,1.75929,1.71721,1.67247,1.62526,1.57576,1.52418,1.47071,1.41557,1.35896,1.3011,1.24221,1.1825,1.1222,1.06152,1.00069,0.939924,0.879442,0.819461,0.760193,0.701851,0.64464,0.588765,0.534422,0.481805,0.431101,0.382488,0.336141,0.292223,0.250893,0.212296,0.176573,0.143851,0.114247,0.0878689,0.0648114,0.0451581,0.02898,0.0163358,0.00727133,0.00181948,2.99952e-32,
0,0.00188607,0.00753659,0.0169288,0.0300251,0.0467737,0.0671086,0.0909508,0.118208,0.148775,0.182535,0.21936,0.25911,0.301636,0.346777,0.394364,0.444221,0.496159,0.549986,0.605502,0.6625,0.720767,0.780088,0.840241,0.901002,0.962145,1.02344,1.08466,1.14558,1.20597,1.2656,1.32424,1.38168,1.4377,1.49209,1.54464,1.59515,1.64342,1.68928,1.73253,1.77302,1.81058,1.84506,1.87632,1.90424,1.9287,1.94959,1.96682,1.98032,1.99001,1.99584,1.99778,1.9958,1.9899,1.98008,1.96637,1.94879,1.92741,1.9023,1.87353,1.84121,1.80546,1.7664,1.72419,1.67897,1.63094,1.58026,1.52715,1.47182,1.41448,1.35537,1.29473,1.23282,1.16989,1.1062,1.04202,0.977623,0.913276,0.849254,0.78583,0.723273,0.66185,0.601821,0.543444,0.486965,0.432625,0.380653,0.331269,0.284681,0.241082,0.200655,0.163567,0.129971,0.100003,0.0737859,0.0514243,0.0330076,0.0186086,0.00828373,0.0020729,2.99952e-32,
0,0.00181414,0.00725131,0.0162956,0.0289201,0.0450869,0.0647466,0.0878384,0.11429,0.144016,0.176923,0.212901,0.251831,0.293583,0.338013,0.38497,0.434287,0.485791,0.539297,0.594611,0.651529,0.709842,0.769331,0.829772,0.890936,0.952587,1.01449,1.0764,1.13808,1.19929,1.25978,1.31933,1.37769,1.43463,1.48992,1.54336,1.59472,1.6438,1.6904,1.73435,1.77546,1.81357,1.84853,1.8802,1.90845,1.93316,1.95424,1.9716,1.98515,1.99486,2.00066,2.00253,2.00046,1.99444,1.98448,1.97063,1.95291,1.9314,1.90617,1.87729,1.84489,1.80908,1.76999,1.72776,1.68256,1.63456,1.58395,1.53092,1.47568,1.41846,1.35947,1.29897,1.23718,1.17438,1.1108,1.04672,0.982407,0.918118,0.854128,0.790703,0.728111,0.666616,0.606478,0.547951,0.491284,0.436717,0.384483,0.334805,0.287895,0.243953,0.203168,0.165713,0.131752,0.101429,0.0748762,0.0522085,0.0335248,0.0189067,0.00841863,0.00210702,2.99952e-32,
0,0.00200935,0.00802952,0.0180369,0.031992,0.0498398,0.0715096,0.096915,0.125955,0.158513,0.194459,0.233647,0.27592,0.321106,0.369023,0.419474,0.472255,0.52715,0.583934,0.642375,0.702235,0.763268,0.825225,0.887853,0.950896,1.0141,1.07721,1.13996,1.20212,1.26342,1.32363,1.3825,1.43981,1.49532,1.54884,1.60013,1.64902,1.69532,1.73884,1.77943,1.81693,1.85121,1.88213,1.90958,1.93346,1.95368,1.97017,1.98287,1.99172,1.99669,1.99778,1.99496,1.98824,1.97766,1.96325,1.94507,1.92317,1.89764,1.86858,1.8361,1.80031,1.76137,1.71941,1.6746,1.62712,1.57715,1.52489,1.47054,1.41433,1.35647,1.2972,1.23676,1.17538,1.11332,1.05081,0.988117,0.925485,0.863164,0.801403,0.740445,0.680532,0.6219,0.564776,0.509384,0.455938,0.404644,0.355697,0.309284,0.265581,0.224752,0.18695,0.152315,0.120976,0.0930473,0.068633,0.0478218,0.03069,0.0172999,0.00770058,0.00192691,2.99952e-32,
0,0.00212892,0.00850517,0.0190975,0.0338545,0.0527053,0.0755601,0.102311,0.132833,0.166985,0.20461,0.245538,0.289583,0.336549,0.386228,0.438403,0.492845,0.549321,0.607589,0.667401,0.728505,0.790648,0.85357,0.917014,0.98072,1.04443,1.10789,1.17084,1.23304,1.29423,1.35418,1.41266,1.46944,1.52429,1.57701,1.6274,1.67526,1.72041,1.76269,1.80192,1.83796,1.87068,1.89995,1.92566,1.94771,1.96603,1.98053,1.99117,1.9979,2.00071,1.99957,1.99449,1.98549,1.97261,1.9559,1.93542,1.91126,1.8835,1.85227,1.81769,1.77989,1.73903,1.69527,1.6488,1.59979,1.54845,1.49499,1.43962,1.38257,1.32407,1.26435,1.20365,1.14223,1.08031,1.01815,0.955993,0.894083,0.83266,0.771962,0.712222,0.653665,0.596512,0.540975,0.487258,0.435558,0.386058,0.338935,0.294353,0.252465,0.213415,0.177332,0.144335,0.114532,0.0880163,0.0648722,0.0451709,0.0289721,0.016324,0.00726364,0.00181718,2.99952e-32,
0,0.00199851,0.00798667,0.0179423,0.0318282,0.0495921,0.0711671,0.096471,0.125407,0.157865,0.193718,0.232828,0.275042,0.320196,0.368112,0.4186,0.471462,0.526487,0.583455,0.642138,0.7023,0.763699,0.826086,0.889207,0.952805,1.01662,1.08039,1.14386,1.20676,1.26883,1.32982,1.38947,1.44755,1.5038,1.55801,1.60993,1.65937,1.70611,1.74998,1.79078,1.82836,1.86257,1.89327,1.92034,1.94369,1.96323,1.97888,1.9906,1.99834,2.00211,2.00188,1.99768,1.98953,1.97749,1.96162,1.94199,1.9187,1.89184,1.86154,1.82793,1.79115,1.75135,1.70868,1.66334,1.61548,1.5653,1.513,1.45878,1.40283,1.34539,1.28665,1.22685,1.16621,1.10495,1.04331,0.981509,0.919782,0.858359,0.797469,0.737342,0.678203,0.620277,0.563782,0.508934,0.455944,0.405016,0.356348,0.310129,0.266542,0.225758,0.18794,0.153241,0.121799,0.0937425,0.0691867,0.0482326,0.0309671,0.0174622,0.0077748,0.00194578,2.99952e-32,
0,0.00180726,0.00722348,0.0162318,0.0288039,0.0449001,0.0644691,0.0874477,0.113762,0.143325,0.176039,0.211797,0.250478,0.291951,0.336076,0.3827,0.431663,0.482793,0.535911,0.590827,0.647346,0.705264,0.76437,0.824446,0.88527,0.946616,1.00825,1.06994,1.13146,1.19255,1.25299,1.31254,1.37096,1.42803,1.4835,1.53717,1.5888,1.6382,1.68516,1.72948,1.77098,1.80948,1.84484,1.8769,1.90552,1.93058,1.95198,1.96963,1.98345,1.99338,1.99938,2.00141,1.99948,1.99359,1.98375,1.97,1.95239,1.931,1.90591,1.8772,1.845,1.80943,1.77062,1.72873,1.68391,1.63634,1.5862,1.53369,1.479,1.42234,1.36395,1.30403,1.24283,1.18059,1.11754,1.05394,0.990047,0.926109,0.862387,0.799142,0.736633,0.675121,0.614863,0.556116,0.499133,0.44416,0.391439,0.341204,0.29368,0.249085,0.207622,0.169484,0.13485,0.103883,0.0767333,0.0535305,0.034388,0.0193998,0.00864023,0.00216278,2.99952e-32,
0,0.00189531,0.00757306,0.0170089,0.0301628,0.0469796,0.0673894,0.0913084,0.118639,0.149273,0.183086,0.219946,0.25971,0.302223,0.347322,0.394837,0.444589,0.496392,0.550054,0.605378,0.66216,0.720193,0.779268,0.839169,0.89968,0.960583,1.02166,1.08268,1.14343,1.20369,1.26324,1.32185,1.37931,1.43541,1.48993,1.54267,1.59342,1.64198,1.68816,1.73179,1.77267,1.81065,1.84557,1.87727,1.90561,1.93048,1.95175,1.96934,1.98314,1.99309,1.99913,2.00122,1.99933,1.99346,1.9836,1.96979,1.95207,1.93049,1.90513,1.87608,1.84345,1.80735,1.76794,1.72535,1.67977,1.63137,1.58034,1.5269,1.47126,1.41364,1.35429,1.29345,1.23136,1.1683,1.10451,1.04028,0.975855,0.911517,0.847534,0.784172,0.721699,0.660376,0.600461,0.542205,0.485852,0.43164,0.379793,0.330531,0.284056,0.240563,0.200233,0.163231,0.12971,0.0998072,0.0736445,0.0513278,0.0329467,0.0185748,0.00826881,0.00206919,2.99952e-32,
0,0.00217178,0.00867743,0.0194879,0.0345549,0.0538109,0.0771694,0.104526,0.135757,0.170722,0.209265,0.251212,0.296375,0.344552,0.395528,0.449075,0.504955,0.562921,0.622717,0.68408,0.746741,0.810427,0.874862,0.939769,1.00487,1.06988,1.13454,1.19856,1.26168,1.32364,1.38418,1.44306,1.50003,1.55487,1.60736,1.65728,1.70446,1.74869,1.78981,1.82767,1.86212,1.89303,1.9203,1.94383,1.96353,1.97935,1.99123,1.99914,2.00306,2.003,1.99897,1.991,1.97915,1.96346,1.94402,1.92092,1.89426,1.86417,1.83077,1.79421,1.75465,1.71224,1.66716,1.61961,1.56976,1.51783,1.46402,1.40853,1.3516,1.29343,1.23425,1.17429,1.11378,1.05293,0.991985,0.931158,0.870676,0.810756,0.751614,0.693463,0.636507,0.580946,0.526976,0.474784,0.42455,0.376446,0.330637,0.287279,0.246518,0.208493,0.173332,0.141152,0.112063,0.0861616,0.0635346,0.0442583,0.0283973,0.0160051,0.00712343,0.00178237,2.99952e-32,
0,0.00210576,0.00841444,0.0189001,0.0335193,0.0522111,0.074897,0.101481,0.131851,0.165876,0.203412,0.244297,0.288356,0.335398,0.385221,0.43761,0.492338,0.549169,0.607859,0.668154,0.729797,0.792523,0.856065,0.920151,0.984512,1.04888,1.11297,1.17653,1.23929,1.301,1.36139,1.42022,1.47727,1.53228,1.58506,1.63539,1.68307,1.72792,1.76976,1.80845,1.84383,1.87578,1.90418,1.92894,1.94996,1.96718,1.98054,1.99002,1.99557,1.99721,1.99493,1.98876,1.97874,1.96492,1.94736,1.92615,1.90138,1.87316,1.84159,1.80682,1.76897,1.72822,1.6847,1.63861,1.59011,1.53939,1.48665,1.4321,1.37594,1.31838,1.25965,1.19996,1.13955,1.07864,1.01745,0.956227,0.895186,0.83456,0.774575,0.715451,0.65741,0.600665,0.545425,0.491896,0.440273,0.390746,0.343498,0.298701,0.256522,0.217114,0.180623,0.147184,0.11692,0.0899432,0.0663542,0.0462411,0.0296797,0.0167324,0.00744864,0.00186398,2.99952e-32,
0,0.00178324,0.00712615,0.0160085,0.0283969,0.0442454,0.0634956,0.0860773,0.111909,0.140897,0.172938,0.20792,0.245718,0.2862,0.329225,0.374642,0.422296,0.472021,0.523645,0.576991,0.631876,0.688111,0.745502,0.803851,0.862957,0.922615,0.982618,1.04275,1.10282,1.16259,1.22186,1.28041,1.33804,1.39453,1.44968,1.50327,1.55511,1.605,1.65274,1.69814,1.74102,1.78121,1.81854,1.85284,1.88398,1.9118,1.93618,1.957,1.97415,1.98754,1.99709,2.00273,2.00441,2.0021,1.99578,1.98543,1.97109,1.95276,1.93052,1.90441,1.87452,1.84095,1.80383,1.76328,1.71946,1.67254,1.6227,1.57015,1.5151,1.45777,1.39841,1.33728,1.27462,1.21073,1.14586,1.08032,1.01439,0.948357,0.88252,0.817171,0.752603,0.689103,0.626955,0.566435,0.507814,0.45135,0.397294,0.345883,0.297343,0.251885,0.209707,0.17099,0.135901,0.104587,0.0771813,0.0537986,0.0345357,0.0194719,0.0086686,0.0021693,2.99952e-32,
0,0.00185519,0.00741438,0.0166584,0.0295554,0.0460608,0.0661175,0.089656,0.116594,0.146839,0.180282,0.216808,0.256286,0.298576,0.343525,0.390973,0.440747,0.492666,0.546539,0.602167,0.659343,0.717855,0.777483,0.838002,0.899182,0.96079,1.02259,1.08435,1.14582,1.20678,1.26698,1.32618,1.38416,1.4407,1.49556,1.54853,1.5994,1.64798,1.69407,1.73748,1.77805,1.8156,1.85,1.8811,1.90877,1.93291,1.9534,1.97018,1.98317,1.9923,1.99754,1.99887,1.99626,1.98973,1.97929,1.96498,1.94683,1.92493,1.89935,1.87017,1.83752,1.8015,1.76226,1.71994,1.67471,1.62673,1.5762,1.52331,1.46826,1.41127,1.35256,1.29238,1.23094,1.16852,1.10534,1.04167,0.977776,0.913909,0.850333,0.787313,0.725109,0.663982,0.604189,0.54598,0.489603,0.435299,0.383298,0.333825,0.287093,0.243305,0.20265,0.165307,0.131438,0.101193,0.0747049,0.0520901,0.0334489,0.0188638,0.00839943,0.00210219,2.99952e-32,
0,0.00215126,0.00859676,0.0193115,0.0342534,0.0533632,0.0765643,0.103763,0.134847,0.16969,0.208145,0.250052,0.295232,0.343493,0.394628,0.448415,0.50462,0.562997,0.62329,0.685231,0.748547,0.812957,0.878173,0.943906,1.00986,1.07575,1.14127,1.20614,1.27007,1.33278,1.394,1.45346,1.51091,1.56609,1.61879,1.66878,1.71586,1.75984,1.80055,1.83783,1.87155,1.90159,1.92784,1.95022,1.96867,1.98314,1.9936,2.00004,2.00246,2.0009,1.99538,1.98596,1.97271,1.95573,1.93509,1.91091,1.88332,1.85244,1.81841,1.7814,1.74154,1.69902,1.65401,1.60668,1.55722,1.50582,1.45268,1.39798,1.34193,1.28474,1.22659,1.16771,1.10829,1.04854,0.988676,0.928892,0.869396,0.810393,0.752085,0.694672,0.638351,0.583318,0.529762,0.477871,0.427828,0.37981,0.333988,0.290528,0.249588,0.211319,0.175863,0.143353,0.113913,0.0876562,0.0646846,0.0450885,0.0289458,0.0163213,0.00726652,0.00181854,2.99952e-32,
0,0.00207982,0.0083096,0.0186606,0.0330852,0.0515178,0.073875,0.100057,0.129946,0.163411,0.200305,0.240467,0.283724,0.32989,0.378769,0.430154,0.483829,0.53957,0.597145,0.656317,0.716843,0.778476,0.840965,0.904058,0.9675,1.03104,1.09442,1.15738,1.21969,1.28108,1.34133,1.40018,1.45741,1.5128,1.56612,1.61717,1.66574,1.71165,1.75471,1.79476,1.83165,1.86522,1.89535,1.92192,1.94482,1.96398,1.9793,1.99075,1.99827,2.00183,2.00143,1.99707,1.98877,1.97656,1.96049,1.94063,1.91707,1.8899,1.85923,1.82519,1.78791,1.74754,1.70426,1.65823,1.60963,1.55868,1.50556,1.4505,1.39371,1.33542,1.27587,1.21529,1.15391,1.09199,1.02976,0.967477,0.905373,0.843693,0.782675,0.722555,0.663561,0.605918,0.549844,0.495548,0.443232,0.39309,0.345304,0.300049,0.257486,0.217768,0.181034,0.147414,0.117022,0.0899634,0.0663292,0.0461987,0.0296385,0.0167027,0.0074332,0.00185976,2.99952e-32,
0,0.00185794,0.0074244,0.0166774,0.0295806,0.0460834,0.0661219,0.0896183,0.116482,0.146611,0.17989,0.216193,0.255382,0.297312,0.341826,0.388758,0.437935,0.489175,0.542291,0.597089,0.653369,0.710926,0.769551,0.829034,0.889158,0.949706,1.01046,1.0712,1.13171,1.19176,1.25114,1.30963,1.36702,1.4231,1.47765,1.53048,1.58138,1.63016,1.67663,1.72061,1.76193,1.80043,1.83593,1.86831,1.89741,1.92311,1.9453,1.96386,1.97872,1.98977,1.99697,2.00026,1.99961,1.99499,1.98639,1.97384,1.95735,1.93697,1.91277,1.88482,1.85322,1.81808,1.77953,1.73771,1.69279,1.64494,1.59436,1.54124,1.48581,1.42828,1.36891,1.30794,1.24563,1.18225,1.11805,1.05333,0.988346,0.923392,0.858744,0.79468,0.731477,0.669406,0.608735,0.549724,0.492626,0.437683,0.38513,0.335188,0.288069,0.24397,0.203074,0.165552,0.131559,0.101233,0.0746991,0.0520646,0.0334209,0.0188428,0.00838835,0.00209915,2.99952e-32,
0,0.00186199,0.00744218,0.016723,0.029675,0.0462561,0.0664121,0.090076,0.117168,0.147596,0.181256,0.218029,0.257787,0.300387,0.345678,0.393493,0.44366,0.495992,0.550294,0.606365,0.663991,0.722955,0.783032,0.843991,0.905597,0.967613,1.0298,1.09191,1.1537,1.21494,1.27537,1.33478,1.39291,1.44954,1.50445,1.55742,1.60824,1.65671,1.70263,1.74583,1.78614,1.82338,1.85741,1.8881,1.91532,1.93896,1.95891,1.97511,1.98747,1.99595,2.0005,2.00111,1.99776,1.99047,1.97924,1.96414,1.9452,1.9225,1.89612,1.86616,1.83275,1.79599,1.75605,1.71306,1.66721,1.61867,1.56763,1.5143,1.45888,1.40159,1.34267,1.28234,1.22084,1.15843,1.09536,1.03186,0.968212,0.904658,0.841459,0.778869,0.717144,0.656536,0.597292,0.539655,0.483864,0.430149,0.378734,0.329835,0.283656,0.240394,0.200233,0.163344,0.129887,0.100008,0.0738374,0.0514907,0.0330674,0.0186505,0.0083051,0.0020787,2.99952e-32,
0,0.00204041,0.00815291,0.0183114,0.0324727,0.0505768,0.0725473,0.098292,0.127703,0.160657,0.197018,0.236634,0.279342,0.324965,0.373316,0.424195,0.477395,0.532697,0.589876,0.648698,0.708923,0.770307,0.832601,0.895552,0.958905,1.0224,1.08579,1.14882,1.21122,1.27276,1.33318,1.39225,1.44972,1.50538,1.559,1.61036,1.65927,1.70554,1.74898,1.78942,1.8267,1.86069,1.89125,1.91826,1.94161,1.96123,1.97703,1.98896,1.99697,2.00104,2.00115,1.9973,1.98952,1.97783,1.9623,1.94298,1.91995,1.89331,1.86317,1.82964,1.79286,1.75299,1.71018,1.6646,1.61644,1.56589,1.51314,1.45842,1.40193,1.34389,1.28455,1.22413,1.16288,1.10102,1.0388,0.976473,0.91427,0.852436,0.79121,0.730828,0.671523,0.61352,0.557042,0.502303,0.44951,0.398864,0.350553,0.304758,0.261651,0.22139,0.184124,0.14999,0.119111,0.0916006,0.0675569,0.0470663,0.0302018,0.0170232,0.00757683,0.00189585,2.99952e-32,
0,0.00211422,0.00844703,0.0189691,0.0336321,0.052369,0.0750947,0.101707,0.132087,0.166099,0.203594,0.244406,0.288358,0.335259,0.384908,0.437092,0.491587,0.548165,0.606585,0.666603,0.727967,0.790422,0.853708,0.917564,0.981725,1.04593,1.10991,1.1734,1.23615,1.2979,1.3584,1.4174,1.47466,1.52995,1.58305,1.63375,1.68184,1.72713,1.76944,1.80861,1.84449,1.87693,1.90581,1.93103,1.9525,1.97013,1.98387,1.99368,1.99952,2.00138,1.99928,1.99323,1.98327,1.96946,1.95185,1.93054,1.90561,1.87719,1.84538,1.81034,1.77219,1.73111,1.68725,1.6408,1.59193,1.54085,1.48776,1.43285,1.37635,1.31847,1.25942,1.19945,1.13877,1.07761,1.0162,0.954776,0.893563,0.832791,0.772685,0.713468,0.65536,0.598576,0.543326,0.489812,0.438231,0.388773,0.341618,0.296937,0.254894,0.215641,0.179318,0.146056,0.115974,0.0891787,0.0657645,0.0458138,0.029396,0.016568,0.00737394,0.00184503,2.99952e-32,
0,0.00194172,0.00776054,0.0174372,0.0309392,0.0482208,0.0692223,0.0938708,0.122079,0.153747,0.18876,0.22699,0.268296,0.312526,0.359513,0.409078,0.461033,0.515177,0.5713,0.629183,0.688598,0.749309,0.811075,0.873647,0.936773,1.0002,1.06366,1.12691,1.18968,1.25171,1.31275,1.37255,1.43086,1.48744,1.54205,1.59448,1.64449,1.6919,1.73651,1.77813,1.81659,1.85175,1.88346,1.9116,1.93606,1.95675,1.9736,1.98653,1.99552,2.00053,2.00156,1.99862,1.99173,1.98092,1.96626,1.94782,1.92568,1.89993,1.8707,1.83811,1.80229,1.76339,1.72156,1.67698,1.62983,1.58028,1.52853,1.47478,1.41923,1.36209,1.30358,1.24392,1.18332,1.12202,1.06025,0.998225,0.936187,0.874367,0.812996,0.752306,0.692527,0.63389,0.576619,0.520938,0.467066,0.415218,0.3656,0.318416,0.273858,0.232113,0.193356,0.157752,0.125455,0.0966065,0.0713334,0.0497492,0.0319516,0.0180223,0.00802577,0.00200884,2.99952e-32,
0,0.00179878,0.00718871,0.0161506,0.0286526,0.0446503,0.064087,0.0868938,0.11299,0.142284,0.174673,0.210042,0.248267,0.289215,0.332741,0.378695,0.426914,0.477231,0.529471,0.583449,0.638979,0.695864,0.753906,0.812899,0.872637,0.932907,0.993495,1.05418,1.11476,1.17499,1.23467,1.29358,1.35149,1.40819,1.46346,1.5171,1.56889,1.61863,1.66612,1.71118,1.75362,1.79325,1.82992,1.86345,1.89372,1.92057,1.94388,1.96355,1.97946,1.99155,1.99973,2.00397,2.0042,2.00043,1.99264,1.98084,1.96507,1.94536,1.92179,1.89443,1.86339,1.82877,1.79071,1.74935,1.70485,1.65739,1.60716,1.55437,1.49921,1.44193,1.38276,1.32194,1.25972,1.19637,1.13216,1.06734,1.00221,0.93703,0.872082,0.807645,0.743994,0.681403,0.620142,0.560476,0.502664,0.446957,0.393598,0.342821,0.294847,0.249888,0.208142,0.169792,0.135008,0.103943,0.0767361,0.053507,0.034359,0.0193772,0.00862804,0.00215941,2.99952e-32,
0,0.00198925,0.0079477,0.0178476,0.0316435,0.0492723,0.0706545,0.0956946,0.124282,0.156291,0.191583,0.230008,0.271402,0.315591,0.362394,0.411616,0.46306,0.516518,0.571778,0.628622,0.686828,0.746173,0.806428,0.867365,0.928754,0.990365,1.05197,1.11334,1.17424,1.23446,1.29377,1.35195,1.40879,1.46408,1.51761,1.56919,1.61863,1.66573,1.71032,1.75222,1.79128,1.82734,1.86025,1.88988,1.91612,1.93884,1.95794,1.97335,1.98498,1.99278,1.99669,1.99669,1.99277,1.98491,1.97314,1.95748,1.93798,1.91471,1.88775,1.85718,1.82313,1.78572,1.74509,1.7014,1.65482,1.60554,1.55376,1.49968,1.44354,1.38555,1.32596,1.26503,1.20299,1.14011,1.07666,1.0129,0.949097,0.885515,0.82242,0.760073,0.698732,0.638648,0.580067,0.523226,0.468354,0.41567,0.365383,0.31769,0.272777,0.230817,0.191969,0.156381,0.124184,0.095499,0.070429,0.0490649,0.0314827,0.0177443,0.0078975,0.00197603,2.99952e-32,
0,0.00219391,0.00876664,0.019691,0.0349215,0.0543939,0.0780258,0.105716,0.137346,0.172778,0.211858,0.254414,0.300259,0.349191,0.40099,0.455427,0.512258,0.571227,0.632071,0.694516,0.75828,0.823079,0.88862,0.954612,1.02076,1.08677,1.15234,1.2172,1.28105,1.34362,1.40464,1.46385,1.521,1.57585,1.62818,1.67776,1.72441,1.76794,1.80819,1.845,1.87824,1.9078,1.93357,1.95548,1.97347,1.98748,1.99748,2.00347,2.00545,2.00344,1.99748,1.98761,1.9739,1.95644,1.93531,1.91062,1.88248,1.85104,1.81641,1.77877,1.73826,1.69505,1.64933,1.60126,1.55105,1.49889,1.44497,1.38951,1.33272,1.2748,1.21597,1.15645,1.09645,1.0362,0.975912,0.915797,0.856072,0.796948,0.738632,0.681329,0.625236,0.570546,0.517448,0.466121,0.41674,0.369471,0.324471,0.281891,0.241873,0.204549,0.170043,0.138468,0.109928,0.0845186,0.0623226,0.0434141,0.0278559,0.0157002,0.00698785,0.00174847,2.99952e-32,
0,0.00198739,0.00794227,0.0178427,0.0316519,0.0493186,0.0707767,0.0959454,0.124729,0.157019,0.19269,0.231605,0.273612,0.318548,0.366233,0.41648,0.469088,0.523845,0.580529,0.638912,0.698754,0.759812,0.821835,0.884568,0.947752,1.01113,1.07444,1.13741,1.19981,1.26135,1.32181,1.38092,1.43846,1.49419,1.54789,1.59935,1.64836,1.69473,1.73829,1.77888,1.81632,1.8505,1.88128,1.90856,1.93222,1.95221,1.96844,1.98086,1.98944,1.99415,1.99498,1.99193,1.98503,1.97431,1.95981,1.94159,1.91973,1.89431,1.86543,1.83319,1.79773,1.75917,1.71766,1.67336,1.62644,1.57707,1.52544,1.47175,1.41619,1.35899,1.30037,1.24054,1.17974,1.11821,1.05618,0.993902,0.931612,0.869555,0.807977,0.747119,0.687222,0.628521,0.57125,0.515634,0.461895,0.410245,0.36089,0.314025,0.269837,0.228503,0.190185,0.155039,0.123202,0.0948042,0.0699575,0.0487619,0.0313024,0.0176492,0.00785734,0.00196633,2.99952e-32,
0,0.00174464,0.00697244,0.0156652,0.027793,0.0433145,0.0621772,0.0843178,0.109662,0.138127,0.169616,0.204026,0.241244,0.281145,0.323598,0.368461,0.415585,0.464812,0.515976,0.568904,0.623418,0.67933,0.736449,0.794577,0.853514,0.913053,0.972984,1.0331,1.09318,1.15301,1.21237,1.27106,1.32885,1.38554,1.4409,1.49473,1.54684,1.59701,1.64505,1.69078,1.734,1.77456,1.81227,1.84698,1.87855,1.90682,1.93168,1.953,1.97069,1.98464,1.99478,2.00104,2.00337,2.00174,1.99611,1.98649,1.97289,1.95532,1.93384,1.90851,1.87939,1.84659,1.81022,1.77041,1.7273,1.68105,1.63184,1.57987,1.52534,1.46848,1.40951,1.3487,1.28629,1.22255,1.15777,1.09222,1.02619,0.959978,0.893879,0.828188,0.763203,0.699216,0.636518,0.575394,0.516121,0.458969,0.404199,0.352058,0.302784,0.256599,0.213712,0.174316,0.138586,0.106683,0.0787468,0.0549008,0.0352491,0.0198767,0.00884957,0.0022147,2.99952e-32,
0,0.00195031,0.00779428,0.0175109,0.0310652,0.0484078,0.0694752,0.0941897,0.12246,0.15418,0.189232,0.227482,0.268787,0.312988,0.359916,0.409391,0.461222,0.515207,0.571136,0.62879,0.687943,0.748361,0.809806,0.872033,0.934795,0.997841,1.06092,1.12378,1.18616,1.24781,1.30849,1.36795,1.42595,1.48225,1.53663,1.58887,1.63874,1.68607,1.73064,1.77229,1.81084,1.84615,1.87808,1.90649,1.93129,1.95237,1.96966,1.98309,1.99261,1.9982,1.99984,1.99753,1.99128,1.98114,1.96713,1.94934,1.92782,1.90269,1.87402,1.84196,1.80662,1.76814,1.72669,1.68241,1.63549,1.58611,1.53446,1.48073,1.42514,1.36789,1.30921,1.24932,1.18845,1.12684,1.06471,1.0023,0.939866,0.877636,0.815854,0.754759,0.694589,0.635581,0.577966,0.521972,0.467822,0.415731,0.365911,0.318561,0.273876,0.232038,0.19322,0.157584,0.125278,0.096439,0.0711887,0.0496353,0.0318714,0.0179738,0.00800306,0.00200299,2.99952e-32,
0,0.00219917,0.00878671,0.0197326,0.0349868,0.0544793,0.0781205,0.105802,0.137395,0.172756,0.211721,0.254111,0.299733,0.348379,0.399827,0.453844,0.510187,0.568603,0.628832,0.690606,0.753654,0.8177,0.882464,0.947666,1.01303,1.07826,1.1431,1.20727,1.2705,1.33252,1.39307,1.45192,1.50881,1.56352,1.61583,1.66552,1.7124,1.75629,1.797,1.8344,1.86832,1.89866,1.92529,1.94813,1.96709,1.98212,1.99317,2.00021,2.00324,2.00226,1.99729,1.98839,1.97559,1.95899,1.93866,1.9147,1.88724,1.8564,1.82232,1.78516,1.74507,1.70224,1.65683,1.60904,1.55906,1.50709,1.45334,1.39802,1.34133,1.28349,1.22473,1.16524,1.10526,1.04499,0.984657,0.924465,0.864628,0.805354,0.746849,0.689314,0.632946,0.577939,0.524481,0.472754,0.422937,0.375198,0.329702,0.286607,0.246061,0.208204,0.17317,0.141082,0.112053,0.0861856,0.0635737,0.0442986,0.0284303,0.0160269,0.00713419,0.00178523,2.99952e-32,
0,0.00203104,0.00811401,0.0182188,0.0322957,0.0502766,0.0720754,0.0975892,0.126699,0.159271,0.195158,0.2342,0.276226,0.321054,0.368493,0.418345,0.470404,0.524459,0.580293,0.637685,0.696413,0.75625,0.816967,0.878336,0.940127,1.00211,1.06406,1.12574,1.18693,1.2474,1.30694,1.36531,1.42232,1.47773,1.53135,1.58297,1.63239,1.67943,1.72389,1.76559,1.80438,1.84009,1.87257,1.90167,1.92728,1.94928,1.96756,1.98205,1.99265,1.99933,2.00203,2.00074,1.99545,1.98616,1.9729,1.95573,1.93469,1.90988,1.88138,1.84931,1.81381,1.775,1.73307,1.68817,1.64049,1.59023,1.53761,1.48284,1.42614,1.36775,1.30792,1.24689,1.18491,1.12223,1.05911,0.995807,0.932574,0.869664,0.807329,0.745816,0.685369,0.626224,0.568614,0.512761,0.458881,0.407182,0.357861,0.311105,0.267091,0.225982,0.187932,0.153082,0.121558,0.0934744,0.0689333,0.0480214,0.0308124,0.0173662,0.00772908,0.00193388,2.99952e-32,
0,0.00182328,0.00728688,0.016372,0.0290475,0.0452694,0.0649816,0.0881156,0.114591,0.144315,0.177184,0.213082,0.251884,0.293452,0.33764,0.384292,0.433241,0.484313,0.537328,0.592094,0.648415,0.706089,0.764907,0.824656,0.885118,0.946074,1.0073,1.06856,1.12965,1.19032,1.25035,1.30951,1.36758,1.42434,1.47956,1.53303,1.58455,1.63391,1.6809,1.72534,1.76706,1.80586,1.8416,1.87411,1.90326,1.92892,1.95096,1.9693,1.98384,1.9945,2.00123,2.00399,2.00274,1.99749,1.98824,1.97501,1.95785,1.93682,1.91198,1.88343,1.85128,1.81566,1.7767,1.73456,1.68939,1.6414,1.59075,1.53767,1.48236,1.42505,1.36597,1.30537,1.24348,1.18056,1.11686,1.05266,0.988208,0.923773,0.85962,0.796017,0.733227,0.671512,0.611132,0.552341,0.495387,0.440514,0.387957,0.337941,0.290683,0.24639,0.205255,0.167459,0.133171,0.102543,0.0757119,0.0527989,0.0339078,0.0191243,0.00851603,0.00213146,2.99952e-32,
0,0.00189437,0.00757148,0.0170133,0.0301892,0.0470564,0.0675589,0.0916282,0.119183,0.150128,0.184356,0.221748,0.26217,0.305477,0.351512,0.400105,0.451077,0.504237,0.559383,0.616305,0.674784,0.734593,0.795496,0.857255,0.919624,0.982354,1.04519,1.10789,1.17018,1.23183,1.29257,1.35216,1.41036,1.46693,1.52164,1.57427,1.6246,1.67243,1.71758,1.75985,1.79909,1.83514,1.86787,1.89713,1.92284,1.94488,1.96318,1.97767,1.9883,1.99504,1.99787,1.99679,1.9918,1.98293,1.97022,1.95372,1.93351,1.90965,1.88226,1.85142,1.81727,1.77993,1.73954,1.69626,1.65025,1.60169,1.55075,1.49763,1.44253,1.38567,1.32724,1.26749,1.20663,1.1449,1.08254,1.01979,0.956897,0.894111,0.83168,0.769852,0.708877,0.649,0.590465,0.533513,0.478378,0.425289,0.374468,0.326129,0.280475,0.237702,0.197992,0.161517,0.128434,0.0988889,0.0730104,0.0509133,0.0326962,0.0184408,0.00821166,0.00205529,2.99952e-32,
0,0.00206101,0.00823507,0.0184954,0.0327981,0.051082,0.0732697,0.0992678,0.128967,0.162244,0.19896,0.238962,0.282085,0.32815,0.376968,0.428335,0.482041,0.537863,0.59557,0.654923,0.715678,0.777583,0.840382,0.903814,0.967617,1.03153,1.09529,1.15862,1.22128,1.28301,1.34355,1.40266,1.4601,1.51564,1.56906,1.62014,1.6687,1.71453,1.75746,1.79733,1.83399,1.86729,1.89712,1.92337,1.94594,1.96476,1.97975,1.99087,1.99808,2.00137,2.00072,1.99615,1.98767,1.97533,1.95918,1.93929,1.91572,1.88859,1.85799,1.82404,1.78688,1.74666,1.70353,1.65765,1.60922,1.55841,1.50544,1.4505,1.39383,1.33563,1.27614,1.2156,1.15424,1.09232,1.03007,0.967744,0.905586,0.84384,0.782748,0.722549,0.663476,0.605757,0.549613,0.495255,0.442889,0.392709,0.3449,0.299635,0.257077,0.217376,0.180671,0.147088,0.116741,0.0897311,0.0661471,0.0460651,0.029549,0.0166506,0.00740945,0.00185373,2.99952e-32,
0,0.00208987,0.00835091,0.0187575,0.0332669,0.0518197,0.0743397,0.100734,0.130894,0.164696,0.201998,0.242645,0.286468,0.333283,0.382893,0.435088,0.489648,0.54634,0.604922,0.665145,0.726751,0.789475,0.853049,0.917201,0.981657,1.04614,1.11038,1.1741,1.23703,1.29892,1.3595,1.41852,1.47574,1.53094,1.58388,1.63437,1.6822,1.7272,1.76918,1.80801,1.84353,1.87562,1.90417,1.92908,1.95026,1.96767,1.98123,1.99092,1.99671,1.99859,1.99658,1.99068,1.98094,1.96741,1.95014,1.9292,1.90469,1.87671,1.84536,1.81077,1.77308,1.73243,1.68898,1.6429,1.59436,1.54355,1.49068,1.43593,1.37953,1.3217,1.26265,1.20261,1.14182,1.0805,1.01891,0.957274,0.895828,0.83481,0.774453,0.714988,0.656639,0.599626,0.544165,0.49046,0.438712,0.389111,0.341837,0.297063,0.254948,0.215643,0.179286,0.146006,0.115917,0.0891231,0.0657165,0.0457764,0.0293702,0.0165528,0.00736694,0.00184326,2.99952e-32,
0,0.00189203,0.0075621,0.016992,0.0301511,0.0469958,0.0674699,0.0915039,0.119015,0.149908,0.184074,0.22139,0.261724,0.304926,0.35084,0.399294,0.450106,0.503085,0.55803,0.614728,0.672961,0.732505,0.793125,0.854584,0.916642,0.979052,1.04157,1.10394,1.16593,1.22728,1.28775,1.34709,1.40509,1.46149,1.51609,1.56866,1.61899,1.66689,1.71217,1.75465,1.79417,1.83056,1.86369,1.89343,1.91967,1.94229,1.96122,1.97637,1.98769,1.99514,1.99868,1.9983,1.99399,1.98578,1.97369,1.95777,1.93807,1.91467,1.88766,1.85714,1.82323,1.78604,1.74574,1.70246,1.65639,1.60769,1.55655,1.50318,1.44777,1.39056,1.33176,1.2716,1.21032,1.14817,1.08539,1.02223,0.958948,0.895793,0.833019,0.77088,0.709627,0.649508,0.590767,0.533645,0.478374,0.425181,0.374286,0.325899,0.28022,0.237442,0.197742,0.161288,0.128235,0.0987239,0.0728814,0.0508193,0.0326337,0.0184047,0.00819531,0.00205116,2.99952e-32,
0,0.00181127,0.00723778,0.0162579,0.0288358,0.0449222,0.0644545,0.0873574,0.113543,0.142914,0.175358,0.210756,0.248977,0.289883,0.333325,0.379149,0.427192,0.477284,0.52925,0.582909,0.638076,0.69456,0.752167,0.810701,0.869959,0.929739,0.989835,1.05004,1.11014,1.16994,1.22921,1.28775,1.34536,1.40181,1.4569,1.51042,1.56218,1.61197,1.65959,1.70486,1.74758,1.78758,1.82469,1.85875,1.88959,1.91708,1.94108,1.96147,1.97815,1.99101,1.99999,2.005,2.00601,2.00299,1.99591,1.98478,1.96962,1.95047,1.92739,1.90044,1.86974,1.83537,1.79748,1.75621,1.71172,1.66419,1.61381,1.56079,1.50535,1.44772,1.38815,1.32689,1.2642,1.20035,1.13562,1.07029,1.00464,0.938966,0.873543,0.80866,0.744601,0.681644,0.620065,0.56013,0.502101,0.446229,0.392756,0.341913,0.293918,0.248978,0.207285,0.169015,0.134332,0.103382,0.0762935,0.0531811,0.0341402,0.0192494,0.00856971,0.00214458,2.99952e-32,
0,0.00207495,0.00828994,0.0186156,0.0330032,0.0513856,0.0736774,0.0997759,0.129562,0.1629,0.199642,0.239624,0.282669,0.328592,0.377194,0.428267,0.481597,0.536961,0.594131,0.652871,0.712945,0.774111,0.836124,0.898738,0.961709,1.02479,1.08773,1.15029,1.21223,1.2733,1.33327,1.39191,1.44899,1.50428,1.55758,1.60867,1.65735,1.70343,1.74673,1.78707,1.82429,1.85824,1.88879,1.91581,1.93919,1.95884,1.97467,1.98663,1.99466,1.99874,1.99885,1.995,1.98719,1.97547,1.95989,1.94052,1.91744,1.89074,1.86055,1.82698,1.79019,1.75031,1.70752,1.66198,1.61389,1.56344,1.51083,1.45626,1.39996,1.34215,1.28305,1.22288,1.1619,1.10032,1.03839,0.976336,0.914406,0.852831,0.791844,0.731677,0.672558,0.61471,0.558352,0.503696,0.45095,0.400314,0.351979,0.306128,0.262936,0.222567,0.185174,0.150899,0.119874,0.0922148,0.0680283,0.0474058,0.0304256,0.0171519,0.007635,0.00191053,2.99952e-32,
0,0.00218641,0.00873678,0.0196243,0.034804,0.0542124,0.0777679,0.10537,0.136902,0.172226,0.21119,0.253625,0.299343,0.348145,0.399815,0.454125,0.510833,0.569688,0.630429,0.692785,0.75648,0.82123,0.886748,0.952743,1.01892,1.085,1.15068,1.21567,1.27969,1.34247,1.40373,1.4632,1.52064,1.5758,1.62844,1.67835,1.72533,1.76918,1.80972,1.8468,1.88028,1.91002,1.93593,1.95792,1.97591,1.98987,1.99974,2.00554,2.00725,2.0049,1.99854,1.98822,1.97401,1.95602,1.93434,1.90909,1.88041,1.84843,1.81332,1.77524,1.73435,1.69084,1.6449,1.59671,1.54647,1.49438,1.44064,1.38546,1.32904,1.27158,1.21329,1.15438,1.09504,1.03548,0.975896,0.91649,0.857458,0.798993,0.741286,0.684526,0.628899,0.574588,0.521771,0.470626,0.421324,0.374033,0.328916,0.28613,0.245827,0.208153,0.173246,0.141236,0.112244,0.0863818,0.0637512,0.0444424,0.0285336,0.0160901,0.00716397,0.00179293,2.99952e-32,
